593
593
600
619
658
685
678
663
635
619
609
605
605
627
657
648
650
645
640
626
616
607
604
609
624
665
694
703
671
658
635
617
604
592
588
592
616
641
649
632
642
637
637
632
623
605
609
600
603
604
595
599
597
600
597
602
582
581
577
577
584
585
584
586
591
599
622
634
626
616
623
614
614
612
601
592
586
589
598
623
658
688
688
655
639
631
625
621
614
604
603
600
600
600
600
597
611
609
616
613
607
609
611
609
601
605
605
604
598
601
602
601
601
596
589
587
588
595
603
623
628
620
610
611
604
604
601
593
599
597
603
601
597
601
599
598
592
589
589
589
595
604
611
607
604
604
604
603
600
594
588
588
587
589
595
597
596
599
602
600
594
596
592
592
588
583
582
585
593
610
618
622
614
612
602
592
586
584
587
599
622
633
631
627
626
618
608
598
597
600
614
636
649
646
637
620
619
608
602
599
591
591
590
591
594
591
597
598
598
596
588
593
593
594
597
592
593
597
601
604
601
600
604
603
603
597
604
601
605
601
596
599
597
598
596
592
601
597
602
602
596
598
596
598
593
589
592
588
589
588
594
596
599
600
595
601
599
601
596
593
598
597
599
595
600
602
603
598
603
604
604
606
601
596
601
603
604
599
605
602
603
597
596
599
599
598
598
591
583
579
585
610
617
646
655
657
647
632
613
602
595
590
592
596
602
595
589
591
592
599
612
627
647
648
636
619
611
604
604
607
618
637
638
642
629
617
605
596
590
589
593
606
623
623
624
614
604
597
592
590
588
592
597
601
600
597
590
586
588
589
594
605
615
616
614
603
588
577
569
564
565
575
610
666
691
692
660
643
618
604
592
585
586
598
620
646
674
669
659
649
635
618
607
600
597
603
618
641
638
637
628
620
611
604
600
590
583
583
584
592
610
637
637
636
628
622
611
601
596
585
581
583
582
586
595
598
604
604
603
599
589
578
572
573
570
578
595
633
656
642
635
620
615
603
593
583
578
582
581
580
587
588
595
601
601
601
601
598
593
581
579
577
578
583
584
585
583
584
585
583
587
586
585
582
579
580
579
584
588
585
587
591
591
585
579
574
566
568
565
568
573
581
582
579
585
582
588
591
593
589
592
584
580
574
567
567
566
570
576
576
582
583
590
586
582
583
582
581
577
571
572
576
587
594
611
608
610
615
615
615
618
608
613
612
610
607
598
603
599
595
595
593
585
586
587
587
585
583
586
584
587
587
594
600
607
614
613
609
613
610
608
604
599
603
604
608
609
601
603
601
603
602
595
592
594
594
598
603
598
604
599
597
594
586
592
593
595
592
587
593
593
597
593
589
594
592
592
591
587
593
592
595
583
581
581
582
590
592
591
600
601
607
600
605
603
604
601
598
602
603
604
601
601
604
603
596
586
587
583
583
581
572
577
576
585
584
585
591
592
597
589
590
593
591
593
589
591
592
591
595
587
587
596
594
603
608
608
600
594
592
590
597
611
643
659
646
629
618
607
604
601
605
620
633
649
641
627
616
612
606
605
606
607
607
605
595
586
576
576
580
586
600
637
649
646
648
648
644
635
626
615
601
593
590
583
580
576
573
574
574
580
582
585
587
588
589
598
602
613
613
615
612
605
599
589
591
591
594
607
612
646
651
656
659
655
640
620
621
612
612
617
614
607
609
616
619
633
637
630
618
618
612
608
608
602
595
597
601
605
620
626
618
607
607
599
597
596
592
585
582
575
571
572
580
598
642
690
674
644
634
631
630
639
635
623
618
621
622
625
619
619
625
625
629
634
630
639
639
640
630
628
624
620
619
606
617
613
617
609
614
613
617
625
618
628
631
634
632
621
629
622
622
611
617
615
611
610
602
604
603
604
604
598
604
605
611
605
613
612
611
609
604
600
605
611
628
646
643
636
643
638
634
619
619
616
613
616
604
609
606
606
607
605
611
611
611
606
604
605
607
618
633
630
618
613
614
614
618
620
622
613
606
604
604
602
610
609
610
604
595
594
598
602
612
630
626
618
613
611
609
613
632
642
626
620
625
622
622
623
619
618
618
613
613
606
605
606
604
607
603
603
603
605
603
599
608
608
619
620
617
631
627
628
616
618
618
621
616
606
609
604
603
600
598
593
595
601
618
669
707
708
674
644
631
625
616
614
614
607
604
607
607
611
612
605
596
601
603
611
624
637
627
621
612
610
605
606
612
609
607
608
610
618
611
604
603
600
601
611
636
649
638
636
623
607
609
645
692
694
703
676
662
644
628
612
604
594
587
581
575
570
569
569
567
566
574
579
588
577
577
571
568
570
569
577
587
594
608
617
620
631
630
637
629
638
636
633
630
618
618
615
614
607
604
610
614
619
627
617
623
622
626
605
606
599
590
579
569
566
563
581
643
665
722
712
745
722
726
691
689
650
661
650
687
666
674
662
663
655
638
636
621
621
616
625
627
624
612
618
612
609
601
599
597
594
583
577
578
576
574
574
577
582
586
590
583
589
595
600
597
591
594
593
592
590
585
583
587
594
602
617
623
612
612
620
624
625
631
622
613
608
610
609
611
618
614
609
609
613
614
623
627
619
612
615
619
627
631
646
635
626
625
628
630
629
632
624
620
624
627
631
646
652
636
627
629
622
624
623
619
610
619
619
624
625
620
619
622
624
624
621
615
620
618
621
622
615
621
620
617
620
617
604
611
608
612
622
624
635
638
651
651
640
629
633
624
627
615
610
620
619
629
645
630
629
630
635
637
625
603
579
574
563
554
544
538
536
540
545
541
555
578
608
629
639
612
617
604
598
591
581
582
578
581
583
580
580
576
575
589
664
854
834
820
786
739
708
671
640
620
613
608
613
631
638
646
650
661
644
632
632
626
639
637
641
630
629
635
646
672
716
735
731
715
692
667
644
626
621
611
613
623
651
648
651
640
634
625
632
637
659
682
707
690
678
663
649
641
635
619
628
624
628
633
634
626
639
637
642
644
633
623
630
625
627
637
624
643
644
645
639
625
637
632
637
634
622
622
627
629
638
624
622
629
628
628
617
608
605
606
610
626
634
624
626
628
630
628
613
605
610
607
614
625
612
628
624
633
630
621
632
646
652
644
638
644
640
637
622
624
632
637
650
650
628
640
637
632
625
610
612
607
607
604
600
612
615
614
610
602
609
612
623
618
603
607
607
604
604
595
605
606
610
602
609
609
617
615
605
615
618
616
608
614
613
612
602
601
605
607
606
603
606
607
613
614
603
600
599
597
582
568
584
583
572
564
560
552
543
538
541
552
554
563
558
562
563
560
560
558
555
557
567
579
591
623
643
679
683
694
671
678
673
670
660
675
675
675
651
663
654
682
688
671
696
674
707
667
687
680
716
692
666
674
656
643
635
637
632
635
625
639
637
645
638
651
648
653
637
638
640
639
635
626
633
634
631
626
630
631
628
633
617
628
624
618
612
610
621
614
632
628
645
637
638
636
647
633
622
609
604
594
599
598
614
629
675
698
706
729
734
729
689
685
672
663
635
626
604
595
581
577
585
586
580
583
591
584
586
596
594
602
604
598
600
592
595
606
621
651
666
705
701
720
705
668
652
647
646
651
673
688
675
655
658
655
646
645
641
629
635
637
639
633
626
643
633
642
631
620
627
630
629
629
616
623
626
628
636
621
636
639
638
642
625
640
637
653
652
637
648
638
651
636
645
649
649
641
625
632
637
675
683
685
696
684
685
650
654
641
633
619
611
625
630
656
662
658
668
657
665
641
640
634
631
627
613
617
616
620
629
613
623
620
623
612
614
616
614
617
606
614
614
622
625
620
640
641
646
640
633
643
646
650
635
630
630
625
620
608
618
621
638
634
620
630
625
633
616
624
625
631
629
628
641
638
640
621
629
623
624
634
620
638
634
650
640
641
641
636
638
621
635
632
642
628
632
630
631
631
614
623
621
625
617
612
619
620
624
614
607
613
612
606
598
608
604
612
602
610
609
613
604
610
615
613
615
622
626
645
646
639
645
645
646
630
638
630
635
622
631
626
627
629
628
632
634
628
619
626
622
620
611
618
614
614
603
596
599
601
597
602
610
614
622
612
608
605
604
600
594
600
603
609
608
622
632
642
637
630
635
628
627
610
616
606
604
597
593
603
614
645
638
647
646
658
644
633
636
629
624
610
614
604
612
604
620
621
634
633
628
631
636
625
626
623
626
613
620
627
638
635
630
636
631
629
620
623
624
636
622
640
633
638
630
633
638
640
637
631
639
633
632
618
621
627
631
627
617
626
623
629
623
627
625
614
596
584
573
574
604
750
768
829
794
747
699
659
648
630
616
604
589
585
588
599
620
655
666
647
656
656
644
646
623
633
635
644
646
653
649
655
658
651
641
634
649
649
652
648
641
645
638
639
636
641
639
636
627
614
622
622
645
653
648
680
662
667
641
627
620
615
615
622
613
629
638
666
664
645
652
650
651
637
641
637
641
640
622
630
629
629
644
633
627
639
641
651
647
628
631
617
621
606
613
617
618
622
618
627
629
636
630
626
628
631
630
618
621
619
627
614
608
611
612
615
609
617
617
621
612
613
615
619
635
637
658
657
675
657
668
649
645
633
639
632
630
614
626
619
624
619
616
622
628
630
622
615
619
615
619
620
610
603
608
613
638
677
693
656
649
630
619
605
604
603
600
593
587
594
599
615
634
652
665
647
660
641
658
649
664
644
660
656
652
639
650
644
638
645
633
645
630
619
599
592
596
626
662
703
706
702
672
653
646
642
643
646
652
643
636
636
640
647
662
688
668
662
656
660
663
675
672
652
667
664
663
669
665
644
650
646
644
641
635
638
645
641
635
626
624
618
614
620
629
625
624
642
644
661
657
638
632
636
634
651
659
639
646
645
645
644
630
625
625
627
634
637
625
632
631
635
629
621
618
620
620
624
623
625
626
623
617
604
602
610
615
631
643
643
653
641
646
638
638
648
662
680
673
676
694
702
686
658
664
656
655
633
626
623
617
618
607
605
611
618
621
614
625
626
633
619
620
615
611
616
609
626
629
631
631
623
634
630
631
623
619
628
636
642
648
634
629
630
628
626
608
612
603
605
597
603
608
615
624
618
627
629
632
627
614
614
608
607
615
613
611
619
619
637
642
629
636
631
634
625
613
619
616
631
634
625
642
641
648
648
640
639
639
635
636
624
629
630
636
629
640
653
646
637
646
648
649
662
640
645
642
643
642
642
650
661
660
635
635
633
644
677
667
658
669
663
655
639
629
626
629
630
617
626
624
634
646
630
646
644
651
655
638
647
642
641
637
627
639
645
647
636
656
656
679
670
652
655
646
646
638
638
641
636
638
622
631
628
645
654
652
676
666
662
645
639
631
640
633
630
644
652
678
667
661
675
666
664
645
649
643
646
634
633
636
634
652
640
654
658
671
664
651
663
666
662
648
664
658
658
652
636
646
646
651
645
652
654
656
649
641
649
646
642
629
645
639
663
657
668
670
679
687
662
669
664
658
646
641
642
647
670
692
704
710
695
675
667
654
647
637
646
650
684
683
709
709
722
697
675
678
665
654
636
646
640
642
645
631
642
639
640
631
636
633
626
622
628
620
613
610
606
608
607
622
630
668
683
725
729
763
745
694
684
669
661
647
654
653
651
645
635
641
637
640
622
612
613
604
603
592
596
595
605
629
621
619
615
617
610
599
594
585
571
557
554
542
535
526
525
519
512
506
502
498
493
491
488
486
481
473
472
471
474
479
479
500
521
563
655
566
592
648
399
282
627
654
604
593
593
601
618
670
653
665
688
733
1378
644
620
625
648
776
940
838
804
710
675
660
660
648
715
821
1020
961
865
815
790
849
1094
1034
922
826
815
834
835
900
875
823
844
908
952
848
843
965
966
863
820
856
890
871
809
792
816
887
919
859
891
904
880
821
792
813
903
963
878
887
903
896
802
769
794
912
1003
837
781
761
890
1092
987
964
909
926
926
942
934
892
873
869
854
861
789
746
761
772
817
796
766
825
804
876
804
779
861
904
886
847
834
905
918
846
772
745
840
1043
979
875
821
885
893
871
787
882
1018
994
882
855
896
981
935
824
833
855
987
896
871
973
1005
896
869
874
900
838
816
877
911
857
821
902
920
856
793
838
884
858
813
855
872
829
767
780
870
1058
941
832
822
889
847
812
834
877
951
856
803
813
843
862
845
870
855
839
815
850
891
893
819
832
854
856
793
809
847
916
837
827
869
854
802
849
885
894
800
795
811
994
944
852
873
882
881
803
771
846
958
906
801
809
778
797
781
784
792
886
963
890
815
854
882
946
847
854
870
859
789
828
818
878
835
806
761
774
818
910
929
877
998
985
904
818
793
852
896
962
886
887
849
760
738
738
784
836
811
782
813
813
826
770
829
924
964
913
900
986
1027
894
910
1102
1097
1006
1053
1022
976
817
817
856
980
915
890
904
886
836
871
841
860
830
862
922
916
845
881
889
834
797
798
807
882
874
799
789
878
938
902
819
848
823
804
782
938
977
895
892
951
936
818
799
810
865
864
842
795
833
848
814
852
846
831
784
779
783
799
773
771
806
827
878
835
834
833
784
749
764
806
790
796
837
840
816
839
846
889
834
819
820
846
827
836
853
874
806
773
782
863
897
826
792
782
751
719
692
728
805
943
914
931
1014
1061
890
858
876
941
872
951
980
992
894
829
815
865
886
862
835
857
874
874
834
823
864
941
930
836
881
880
907
835
870
879
911
859
843
860
818
816
826
856
840
808
915
923
884
825
786
849
918
880
827
885
1016
969
890
796
788
786
834
821
867
881
905
858
930
933
866
778
774
759
719
741
829
1240
1022
1003
979
958
846
753
833
826
856
816
837
841
932
839
881
877
885
860
923
996
932
924
935
908
860
854
879
877
884
828
802
794
856
874
810
833
840
825
807
814
840
875
881
906
888
838
809
778
772
771
799
777
783
823
847
810
771
756
758
793
807
876
1023
1071
992
854
864
868
854
824
801
848
945
915
864
885
896
865
835
826
845
839
817
785
792
800
835
813
787
846
905
922
884
873
875
833
812
776
742
768
801
806
826
820
898
893
894
847
806
831
832
892
912
828
841
819
810
797
773
773
840
935
996
923
880
850
827
821
805
787
805
826
839
798
775
784
898
853
793
744
773
798
891
911
863
919
906
854
865
843
851
842
877
879
887
837
807
847
854
831
801
795
815
818
805
771
753
766
812
802
805
761
794
808
794
801
749
789
774
797
784
756
754
746
728
720
718
748
744
771
812
1081
947
934
968
942
848
834
892
965
866
826
874
898
955
898
820
797
809
842
852
814
786
817
844
872
799
791
794
835
851
839
886
940
919
858
814
853
851
870
884
837
857
842
837
850
789
779
741
778
764
752
820
814
813
810
864
907
909
835
863
883
891
872
865
904
972
943
849
841
847
861
833
827
854
881
875
862
823
882
877
864
848
841
863
861
852
791
777
771
810
819
803
847
839
830
786
772
789
811
789
782
829
889
920
840
850
882
836
814
868
955
865
815
823
831
826
793
810
773
820
776
818
844
908
982
1018
1003
895
898
971
857
800
820
856
877
868
909
925
954
907
942
900
863
848
877
942
895
849
833
883
854
817
788
830
810
810
782
778
801
818
831
829
805
811
806
826
801
804
808
840
813
764
790
804
834
827
798
805
790
776
783
818
850
855
815
814
871
899
854
838
831
814
786
782
814
839
862
828
835
823
836
804
767
791
811
830
822
821
801
775
806
813
815
823
816
813
809
773
741
778
804
803
766
771
803
852
834
837
880
878
836
822
824
861
854
829
811
817
818
804
801
795
838
891
880
893
857
817
787
813
839
856
815
825
825
839
813
845
890
912
877
858
872
900
892
839
855
874
854
827
818
833
812
802
821
821
792
811
828
862
841
829
869
882
867
834
796
806
833
842
825
923
915
921
853
799
785
805
858
847
867
878
896
854
892
924
968
893
875
865
857
816
819
814
832
805
809
821
847
833
813
840
856
867
848
816
813
795
744
755
768
818
872
877
853
912
945
932
868
865
884
904
860
853
868
871
845
811
833
848
850
810
832
840
884
841
809
789
811
843
891
848
861
851
839
812
813
806
828
806
782
777
780
827
799
791
839
852
827
795
796
797
792
786
817
838
835
820
820
823
841
791
851
930
912
883
848
851
842
832
810
793
809
828
870
849
818
851
883
893
878
838
885
926
896
844
839
856
835
810
835
842
862
837
798
824
880
855
820
780
828
845
888
878
837
868
870
857
795
808
835
868
883
822
846
857
848
825
795
827
868
885
832
839
841
841
802
848
953
945
886
843
880
902
867
827
853
901
924
851
808
849
882
926
879
827
838
837
871
815
842
856
938
859
866
894
955
885
802
852
871
865
836
823
854
868
881
866
904
849
844
810
825
854
854
819
834
902
908
854
858
895
912
838
800
795
773
746
776
800
874
909
889
924
938
883
840
891
921
927
861
802
853
901
915
854
871
922
894
866
832
847
860
855
842
817
867
894
896
855
814
842
833
852
834
844
831
855
833
805
836
912
926
897
883
823
781
812
812
1073
1009
958
868
879
916
938
871
913
943
974
893
893
890
874
842
838
861
890
864
825
836
867
817
817
846
869
873
846
822
845
893
913
853
858
881
906
862
857
884
900
892
854
873
897
905
844
833
860
908
852
890
892
895
860
858
881
917
910
849
869
861
853
805
841
857
892
854
848
888
911
840
845
842
819
806
796
854
873
923
854
869
864
834
810
828
855
883
824
884
909
900
863
898
917
904
871
927
920
869
817
829
868
843
828
841
852
875
844
823
851
873
870
843
882
908
886
850
838
875
888
873
822
823
818
801
790
832
834
838
803
884
875
866
854
910
910
871
843
880
900
882
844
959
954
875
834
841
861
882
835
866
848
843
831
813
789
810
750
776
791
854
840
861
865
915
886
864
874
887
922
869
840
854
882
845
851
858
917
854
866
846
847
822
806
812
865
847
825
892
908
890
838
848
934
956
908
959
983
947
886
848
843
835
810
836
865
952
906
894
894
909
881
858
859
858
815
828
854
863
835
845
848
879
842
813
805
843
868
846
830
854
903
870
845
875
907
877
862
900
904
868
831
857
867
886
848
869
855
841
831
863
866
915
874
905
973
991
909
901
928
915
845
852
840
854
831
855
878
868
898
925
919
866
871
851
805
787
800
865
861
845
918
957
977
896
884
887
889
867
894
898
886
838
839
837
850
819
801
834
870
851
802
809
797
805
856
936
908
839
836
851
842
854
891
929
892
854
858
900
917
877
874
866
835
858
864
896
857
879
915
957
923
852
878
877
841
840
849
868
841
813
856
885
892
837
851
847
848
833
833
825
811
806
855
932
943
904
947
996
941
871
904
944
911
850
898
943
971
886
904
923
918
877
842
867
891
902
874
901
948
891
846
848
899
906
895
938
1006
979
929
937
867
877
923
993
896
892
873
883
903
896
977
959
913
919
910
911
866
864
865
831
870
886
921
856
855
878
879
854
886
942
954
918
907
894
846
894
899
895
840
857
882
881
853
877
863
838
832
883
875
843
873
848
834
809
848
890
873
846
823
847
868
843
876
970
955
855
838
904
896
884
929
953
941
916
1024
978
873
883
896
902
858
872
923
1074
961
912
930
910
870
901
926
901
884
875
888
913
841
852
840
875
811
800
857
958
933
869
933
931
872
834
870
845
856
820
897
990
995
896
926
946
905
864
866
909
901
856
847
854
847
837
867
956
972
929
984
1004
954
906
906
913
862
910
955
917
853
868
912
904
863
894
934
1009
901
886
893
860
823
822
850
835
916
979
1045
905
907
860
857
829
905
1048
1027
920
939
960
922
893
860
860
893
872
952
979
957
926
1009
958
911
890
888
854
827
828
878
945
916
910
955
944
878
910
894
884
949
982
981
840
878
904
921
938
916
1000
1035
982
898
938
905
874
839
905
919
943
993
953
861
837
869
893
898
858
909
921
922
882
868
913
966
908
906
925
945
912
882
929
941
928
885
946
925
910
870
891
875
823
845
869
985
938
952
1006
990
909
904
934
883
842
861
864
929
893
916
912
887
870
932
933
925
877
922
968
901
861
914
986
986
895
956
1013
979
955
873
922
931
960
896
979
1045
961
905
976
993
958
922
947
932
877
881
897
938
921
861
897
958
896
848
896
917
886
813
851
875
910
885
875
842
841
843
910
1279
1150
1040
945
903
957
951
948
919
962
985
956
923
933
930
908
909
917
907
878
899
895
909
898
886
912
913
886
871
894
907
924
888
948
955
935
913
927
922
913
907
930
958
936
956
959
938
903
935
960
947
904
938
937
913
891
906
908
902
876
900
897
910
875
897
899
900
860
878
891
893
886
870
900
911
900
882
942
924
921
906
933
957
931
914
941
968
941
907
945
903
890
872
832
711
730
680
664
642
644
643
643
637
629
631
628
619
612
606
602
595
588
583
581
584
584
588
593
603
609
619
643
662
679
696
686
689
723
742
761
728
787
785
728
721
702
714
725
761
780
827
834
793
818
953
902
845
812
818
822
795
794
797
826
810
806
775
802
825
829
787
794
801
829
773
775
787
771
767
813
783
791
788
814
799
797
777
807
779
770
762
788
766
759
762
755
734
710
720
722
726
716
725
740
743
724
745
760
773
746
781
773
819
764
786
777
769
751
793
765
763
747
729
727
722
702
698
733
798
830
808
809
778
806
796
786
771
814
786
771
778
787
763
749
751
726
709
698
693
686
676
667
654
660
648
645
646
639
637
635
650
652
651
648
667
688
706
737
729
769
890
869
856
842
807
850
858
923
932
871
832
780
824
787
806
961
984
1013
937
847
817
796
840
908
1038
947
867
948
916
894
838
808
837
829
866
824
870
951
972
884
820
779
744
713
691
729
781
946
964
1010
855
868
858
852
824
908
1043
961
892
861
899
1011
1021
861
885
882
903
915
850
876
878
949
907
838
885
905
932
896
839
873
896
857
819
842
890
875
855
903
970
870
802
814
812
943
894
877
969
972
922
815
815
819
882
882
829
839
856
887
844
874
874
847
794
812
833
854
855
843
851
830
802
790
864
882
981
913
892
922
990
910
840
875
962
978
896
885
880
839
875
924
985
928
876
889
883
864
910
933
1023
970
874
862
874
827
917
1040
1020
911
855
960
1082
997
890
948
1112
1070
916
871
885
853
914
1019
1103
1019
905
904
932
867
918
1029
1059
997
912
912
894
852
910
1034
1039
936
909
949
986
927
846
906
927
943
903
1008
1010
919
974
947
881
876
956
1050
969
880
863
892
906
903
1012
1041
1013
968
933
870
952
1059
1011
906
850
968
1105
1062
962
1000
996
945
855
914
931
968
858
910
956
959
886
903
912
850
800
854
834
838
808
822
1041
1122
1048
900
842
872
912
927
1111
1142
1032
1086
1121
1093
987
1049
1155
1113
1021
1012
1076
980
903
897
905
893
888
1005
1117
1087
1033
1021
1019
928
832
840
863
935
854
845
823
801
778
829
839
814
858
896
966
903
928
1047
1071
1050
1001
979
938
881
963
1071
991
897
927
926
937
911
1075
1057
985
910
1067
1022
905
896
899
1063
914
962
1097
1069
1068
1047
975
876
944
1024
1040
997
935
955
1025
977
916
940
1010
994
997
1042
1063
944
935
970
1096
1043
923
1054
1037
959
856
882
941
1025
977
881
902
984
960
944
1028
1009
923
924
962
990
901
862
907
939
1039
931
1004
934
941
896
995
1124
1106
987
944
969
985
879
972
1204
1150
1007
1037
1070
1047
978
975
1048
981
937
922
858
882
888
862
909
1107
1139
1014
1097
1043
892
931
1026
1065
1039
1117
1055
943
985
1073
1035
908
996
1059
1026
876
769
761
972
1246
1027
1135
1155
1080
1030
928
905
964
961
918
929
917
865
867
909
902
855
833
755
753
740
717
723
716
757
790
812
860
829
789
808
819
813
795
861
885
858
841
829
828
798
803
865
857
835
897
904
879
887
871
863
824
854
850
823
840
860
892
854
879
868
831
847
888
910
856
896
855
838
857
931
911
865
917
902
875
826
813
769
760
802
807
818
778
802
808
762
741
772
783
787
791
849
858
853
846
903
935
871
906
915
886
831
873
875
939
903
963
961
942
927
977
969
822
815
823
850
863
1000
1042
939
946
922
869
885
895
841
888
851
775
775
746
776
759
791
777
756
742
761
786
768
773
819
847
853
832
916
1003
1018
905
916
993
1029
915
853
967
1060
1006
1052
1060
919
885
904
860
853
846
938
862
923
948
946
896
939
888
902
849
903
1085
1063
938
859
849
838
1037
1014
996
947
989
1091
997
1084
1136
991
939
955
967
917
996
1051
970
1021
1027
953
939
1029
1052
987
978
966
906
882
921
1104
1011
918
945
1036
1054
894
883
925
1014
1035
1197
1128
1038
918
1046
1200
1048
969
957
992
956
1204
1155
1019
986
1007
974
991
1062
1084
999
1088
1145
1051
1039
1068
957
852
867
901
900
858
947
1010
1047
947
1004
1012
991
948
1020
1049
987
966
1023
1088
947
945
1057
992
858
876
961
964
919
1061
1177
1036
1020
1076
1046
1036
1149
1146
1094
1094
1044
923
960
1042
1083
949
963
958
942
899
1007
1156
1132
1048
1072
1055
969
1031
1010
985
876
893
963
1075
1003
1175
1172
1079
956
967
992
897
887
895
922
950
939
927
977
992
958
922
948
968
933
955
968
970
969
989
988
988
951
1015
1005
958
929
930
949
953
936
896
953
994
957
927
945
866
734
763
712
1030
890
917
901
869
861
876
883
858
894
898
876
849
875
900
933
926
901
924
910
875
746
862
769
888
858
821
850
865
889
827
871
864
842
837
779
744
730
693
688
665
640
637
615
605
597
589
575
563
550
542
532
536
526
519
514
505
499
498
492
487
482
479
477
478
477
481
481
489
489
494
500
509
522
521
521
523
524
524
522
522
531
543
558
570
572
574
572
579
590
594
603
592
588
579
577
577
577
577
576
578
580
577
584
587
589
591
580
578
582
667
687
697
700
702
692
670
657
650
650
667
709
726
729
769
758
816
790
767
759
731
709
719
732
715
689
699
692
705
680
665
711
736
733
763
771
769
729
759
717
661
648
641
634
637
686
734
838
888
870
902
876
822
817
789
723
716
723
729
777
734
790
739
710
796
801
848
783
807
775
759
711
649
647
637
634
668
726
771
719
791
729
713
673
642
619
601
584
575
563
555
547
542
531
534
525
521
514
508
501
494
489
483
479
479
472
468
465
471
488
535
601
676
704
710
780
881
1005
1021
1011
849
877
872
888
861
858
796
754
739
731
749
800
773
755
768
785
706
670
719
855
794
726
712
772
749
727
681
651
625
603
590
580
575
574
579
593
596
636
771
606
692
781
834
728
761
712
732
759
795
799
775
729
699
673
661
636
608
624
642
696
859
854
840
820
767
702
675
637
644
655
695
765
773
784
797
781
766
730
711
691
674
675
714
782
814
836
879
874
854
867
867
844
796
866
994
983
949
965
962
899
912
936
888
860
889
951
936
898
963
991
955
946
927
853
797
829
834
830
813
861
910
896
915
932
896
828
838
746
789
765
854
809
750
752
718
672
680
648
644
641
636
630
614
618
605
598
588
578
575
576
585
586
598
625
660
686
789
785
866
812
765
736
724
662
685
652
646
638
629
625
607
609
616
627
679
695
686
671
654
649
636
609
624
684
724
807
789
792
745
692
677
651
633
615
604
593
591
587
591
597
624
640
657
656
656
679
678
684
613
620
632
647
764
806
821
827
831
802
766
737
708
691
674
659
644
636
629
631
633
637
630
638
639
603
650
621
656
767
765
781
799
795
761
726
679
646
621
609
603
603
588
578
637
726
962
996
972
920
894
634
626
614
606
603
590
588
589
596
612
632
638
685
752
794
751
730
732
784
784
768
764
775
705
679
677
642
657
645
686
714
739
733
705
689
674
660
655
629
629
609
612
673
771
735
718
659
672
650
728
801
836
866
812
806
775
800
779
762
817
850
797
833
911
917
923
903
834
788
761
778
772
852
836
881
1021
973
896
854
813
789
769
771
796
779
770
713
714
738
804
884
892
781
707
702
711
798
899
945
895
816
763
716
717
674
694
687
711
719
701
684
667
652
638
610
602
600
597
627
716
793
814
804
777
746
695
679
656
646
637
636
621
631
653
704
1055
988
961
958
940
845
789
783
801
808
828
870
896
844
827
764
694
650
644
690
773
769
768
735
704
673
646
641
643
667
684
875
759
732
699
710
709
752
758
749
726
702
685
665
651
634
619
610
606
587
614
604
670
738
778
771
698
701
681
676
667
655
632
638
644
646
653
652
753
698
721
755
871
817
775
711
674
651
629
605
590
579
570
555
561
553
560
600
694
737
693
698
681
732
686
737
776
864
799
792
758
767
783
747
757
760
752
701
731
709
707
666
670
665
659
645
636
649
656
669
673
656
666
662
675
655
646
651
663
731
782
763
724
712
734
811
832
764
745
719
709
706
748
794
832
858
857
828
810
762
717
687
716
797
880
922
842
835
817
816
813
813
761
778
777
789
758
722
715
708
720
720
716
746
805
821
823
775
795
781
777
804
784
779
807
856
871
788
756
712
685
661
675
723
706
695
688
649
631
612
591
582
575
585
599
593
592
609
640
682
729
715
718
752
747
728
776
764
731
712
677
669
661
674
693
694
704
774
848
899
825
801
798
784
746
712
718
736
752
716
701
700
701
716
687
696
709
736
759
695
694
679
691
676
635
633
610
619
639
645
651
652
629
585
604
587
582
578
576
572
573
575
577
579
582
582
594
572
590
575
573
577
580
577
573
573
567
565
563
565
564
564
563
561
560
558
562
563
563
566
545
564
554
561
577
600
636
648
638
617
611
603
592
599
588
582
576
572
575
578
586
587
589
600
596
628
656
667
653
650
646
632
616
608
600
596
598
597
606
611
615
593
594
586
589
588
591
593
587
591
610
678
747
717
688
727
773
745
711
674
659
663
659
679
705
734
767
719
701
693
682
688
739
727
673
653
626
642
665
665
684
670
706
708
716
709
684
694
682
670
645
648
646
646
667
679
722
729
800
847
860
838
846
802
737
725
724
757
753
775
797
760
757
763
740
668
703
659
668
664
659
656
616
655
637
669
676
667
657
651
633
632
618
620
599
595
591
597
604
623
630
623
624
617
615
612
607
606
604
605
605
608
624
626
604
607
631
664
709
681
702
694
679
669
651
645
650
659
651
650
655
689
706
779
776
792
782
763
738
775
814
812
797
784
813
800
767
800
818
824
822
777
754
727
712
710
730
744
776
787
694
711
677
661
649
646
641
642
636
641
639
656
653
653
646
644
657
673
676
663
646
630
622
610
599
587
582
591
619
675
835
939
946
934
946
944
904
848
835
864
890
851
882
872
903
876
875
894
896
837
813
823
829
799
777
796
851
918
897
840
825
788
747
705
709
709
797
806
770
774
754
714
686
655
708
769
823
855
790
764
754
744
751
725
751
783
801
884
666
684
676
655
661
652
643
624
644
640
666
693
654
633
707
735
850
766
748
734
729
710
683
694
700
754
775
801
810
808
786
776
798
813
822
804
798
850
913
904
886
870
822
824
838
871
854
854
840
807
815
836
857
801
763
766
784
783
739
780
777
809
809
792
760
721
695
682
667
655
648
636
611
627
633
652
758
795
858
900
885
854
814
759
776
772
751
765
765
778
729
746
754
754
746
773
790
825
850
831
834
844
795
790
793
803
776
736
746
756
810
778
759
773
797
838
819
869
866
819
812
794
798
747
767
792
806
767
779
830
870
882
908
842
771
688
697
654
648
668
674
666
650
640
627
612
604
597
596
603
599
602
601
600
602
609
604
575
592
584
589
595
610
606
608
612
605
595
584
606
617
680
762
798
776
794
789
781
733
699
671
656
648
657
666
680
686
702
721
718
701
671
685
672
717
700
737
716
709
692
680
678
694
696
669
664
636
651
634
630
622
618
616
624
622
631
607
621
614
638
729
837
923
930
895
834
713
813
804
805
775
766
752
732
719
699
692
681
681
684
686
704
698
701
705
662
650
681
704
785
845
868
959
990
988
946
909
878
828
809
778
755
720
749
746
748
710
672
697
688
691
687
677
664
648
655
658
688
703
724
748
805
776
714
712
696
735
802
836
810
766
702
703
676
647
619
628
639
664
709
678
773
773
761
735
721
714
734
790
771
719
739
708
717
703
688
680
666
655
653
646
645
648
658
661
663
721
770
770
767
753
706
686
662
661
664
664
662
670
666
661
653
648
652
660
686
684
674
671
688
709
704
764
739
735
750
696
689
680
656
642
620
634
615
649
729
836
823
765
785
778
780
758
708
693
660
643
647
719
703
730
780
819
796
773
760
748
776
787
758
795
832
871
646
646
711
840
862
945
959
982
944
869
860
850
813
896
890
838
913
1024
1004
842
854
808
725
736
738
819
780
815
823
782
744
754
751
758
705
720
714
750
763
751
794
801
793
749
775
773
718
755
731
760
745
730
711
694
692
680
676
669
664
673
669
671
646
663
676
692
747
728
748
728
749
697
661
635
634
646
724
779
874
847
824
798
751
709
690
671
658
647
641
647
646
660
659
674
660
684
664
691
690
748
858
851
776
798
762
711
723
706
697
717
736
704
715
710
729
720
707
685
671
646
639
639
657
677
711
664
706
706
741
769
763
730
709
688
667
655
638
629
646
700
840
866
872
836
807
820
864
848
795
799
768
763
744
730
732
763
804
875
836
836
841
879
847
866
874
883
832
842
883
910
879
874
900
887
817
882
893
856
812
831
860
837
822
811
807
768
796
841
872
829
870
868
840
782
809
850
834
868
914
827
790
771
803
834
857
795
813
813
793
746
777
782
842
828
752
720
720
717
758
788
796
758
679
688
707
731
814
805
765
707
679
703
707
704
676
657
644
630
634
640
665
683
672
644
659
677
750
760
773
750
733
712
686
684
671
646
633
638
644
686
671
782
736
746
825
804
823
801
776
721
741
731
743
746
741
729
721
686
666
640
627
619
617
622
627
646
673
689
701
694
690
660
652
634
662
678
688
644
687
658
708
715
732
734
668
648
663
621
653
690
867
772
886
886
885
843
810
754
753
743
675
706
683
746
780
852
895
795
811
764
772
741
720
710
698
680
666
645
661
640
659
674
684
712
727
653
710
677
732
817
858
894
867
826
805
794
761
785
782
744
774
761
787
781
797
827
848
774
769
756
738
735
734
785
798
797
771
851
848
841
800
817
818
784
780
784
825
792
750
781
784
792
767
865
882
838
823
843
825
784
782
833
899
854
926
930
845
828
862
862
767
758
722
735
735
737
831
766
683
660
604
578
579
587
589
596
593
594
598
606
611
591
588
616
655
674
711
725
666
755
729
763
749
747
702
680
650
664
676
677
624
647
618
612
611
620
614
617
617
633
625
634
626
604
673
653
760
780
770
741
698
710
695
650
662
638
628
680
671
727
740
716
692
672
625
649
636
679
721
790
832
868
813
775
729
761
771
724
775
748
788
726
820
734
820
799
840
857
885
882
866
805
741
714
729
771
793
813
822
811
762
723
693
699
688
742
765
800
824
831
795
750
665
667
651
677
674
684
642
695
651
675
680
691
698
708
687
688
667
640
618
603
585
583
582
585
563
592
581
565
593
591
607
630
640
612
646
627
624
620
616
622
618
621
619
626
636
645
672
707
712
688
716
737
785
783
773
743
699
688
666
692
748
776
816
838
858
794
772
789
870
900
810
767
847
897
890
901
867
862
893
894
908
866
836
843
958
1061
979
955
923
890
856
845
858
944
937
926
923
939
898
851
806
781
746
810
856
880
874
821
788
735
698
686
705
744
723
760
774
853
833
849
854
823
787
774
755
754
755
768
774
825
774
747
721
707
746
735
735
762
845
944
978
974
916
813
756
742
712
753
783
775
772
753
713
724
724
765
745
707
685
660
671
952
981
975
959
916
888
807
776
847
880
900
1016
1112
996
877
848
804
817
846
904
1029
1054
1026
914
906
871
779
752
694
672
680
669
729
790
829
808
800
758
738
698
698
696
697
729
720
741
758
750
764
773
807
813
851
854
834
811
783
798
775
816
875
1019
979
836
816
810
884
916
859
882
978
1010
929
847
835
822
816
762
770
809
960
949
949
938
863
757
727
689
712
768
732
746
733
725
693
677
682
688
723
797
746
786
827
905
896
866
807
750
739
742
771
887
1006
962
896
822
771
705
655
666
653
743
812
875
858
858
800
768
729
714
693
675
660
640
651
624
668
699
772
895
935
940
881
878
898
877
895
901
884
833
861
854
811
721
719
733
764
1074
973
968
945
938
893
861
838
763
808
872
957
958
939
948
926
864
913
890
895
877
845
787
801
826
958
938
848
868
851
797
821
856
963
878
848
884
897
871
854
878
939
888
877
889
874
821
838
848
926
849
901
946
937
869
894
924
897
869
873
859
805
800
789
760
746
933
849
877
784
793
775
821
802
791
769
749
713
703
683
673
670
663
678
688
717
711
676
674
671
729
714
730
731
747
751
727
720
701
683
669
652
641
668
725
773
839
832
785
753
721
690
681
668
674
734
1061
1095
1025
971
865
839
817
806
781
850
944
1020
971
941
904
866
822
861
890
835
907
962
892
847
851
904
874
845
808
766
725
697
683
706
705
735
813
891
931
854
768
745
732
779
899
937
896
976
1020
1024
904
854
858
850
880
816
800
858
976
1111
1044
949
955
918
859
807
863
907
800
788
836
1159
1054
991
939
924
843
784
797
824
846
837
816
845
830
835
791
814
844
831
771
804
777
773
721
735
760
803
828
813
838
865
812
771
727
759
738
710
730
752
856
866
839
803
769
735
684
657
648
623
607
596
586
579
578
578
945
889
859
805
847
907
914
945
912
835
791
785
827
916
938
909
929
886
844
827
798
784
770
815
847
798
790
789
778
743
782
757
755
742
765
770
745
785
783
826
791
783
781
751
720
686
670
739
768
797
747
756
743
775
797
775
870
912
936
879
915
867
829
784
755
743
729
736
723
716
697
683
674
728
824
837
828
784
696
698
669
688
703
721
717
700
688
649
658
634
649
727
846
897
897
868
876
839
792
755
729
709
707
685
756
826
770
812
789
801
787
754
728
695
679
665
690
714
839
846
911
942
908
938
920
860
859
871
856
905
913
888
896
883
834
810
813
877
888
877
900
876
804
806
828
886
855
868
905
912
864
891
873
821
839
829
825
822
854
843
818
850
863
888
858
906
791
796
773
838
848
851
852
809
771
680
692
664
664
695
735
749
700
702
695
712
771
762
771
735
712
687
672
661
659
658
660
666
637
660
623
656
639
702
759
759
759
738
711
713
702
696
709
723
739
678
708
688
837
876
1042
1027
1023
1024
1017
1007
970
952
919
907
870
822
802
798
806
762
719
693
688
671
708
718
870
893
969
966
935
914
865
854
873
877
895
910
896
882
873
838
848
802
923
1013
1015
884
879
887
1022
947
901
888
935
929
893
873
883
893
861
885
902
902
885
893
882
867
843
863
925
931
960
991
995
978
1017
1015
963
968
940
916
937
916
885
926
915
880
904
905
899
904
926
908
844
865
863
839
846
856
868
833
848
860
863
840
837
782
815
825
937
933
862
852
818
769
749
762
789
777
842
847
881
845
879
881
827
856
851
801
808
782
832
825
805
788
756
728
706
664
668
661
700
771
928
987
900
906
895
844
829
805
766
721
764
744
779
736
762
784
843
815
864
871
840
864
873
853
824
833
825
795
857
859
894
855
871
866
844
881
885
835
873
886
838
883
861
836
833
876
877
882
888
876
830
848
854
834
818
805
816
796
823
848
890
817
813
790
798
785
820
859
896
854
850
842
817
779
792
773
789
776
824
828
794
774
792
814
782
784
831
846
834
851
824
794
762
771
755
786
755
812
815
824
840
860
887
844
842
832
790
814
838
801
811
851
863
820
852
863
840
834
838
794
774
779
782
781
842
876
881
854
875
826
773
785
780
803
763
805
704
713
671
646
634
618
616
599
595
589
580
574
573
594
604
607
607
595
582
580
571
564
575
582
592
598
685
850
865
839
866
921
877
767
746
701
654
665
651
666
679
676
675
668
670
669
680
688
687
644
715
771
802
808
802
770
758
747
720
703
699
656
640
615
621
624
740
970
969
933
924
887
873
815
775
767
761
784
814
769
738
767
911
915
937
869
862
868
845
791
859
1044
1037
931
977
989
939
901
899
918
912
878
919
903
887
902
890
868
900
926
905
912
937
912
881
901
885
864
901
936
908
900
933
940
896
915
885
843
803
781
839
839
938
993
916
950
955
857
829
778
731
745
820
857
858
992
997
907
938
936
845
853
796
748
688
703
731
771
759
788
762
759
733
709
691
642
665
651
676
712
724
728
725
711
693
661
675
682
696
726
773
807
873
925
909
889
871
828
824
815
801
845
869
876
874
873
819
812
875
913
893
896
923
937
973
979
878
863
890
879
852
985
995
936
989
951
839
856
843
805
830
828
807
785
840
902
835
854
854
816
797
846
799
746
760
811
814
831
841
824
794
798
808
792
816
823
818
794
775
750
712
690
711
766
835
807
902
931
861
861
878
849
787
809
800
789
816
840
837
785
796
788
777
761
795
821
831
891
911
912
911
922
896
853
853
842
813
847
820
777
783
775
805
795
795
735
717
698
771
717
751
729
751
751
728
749
733
733
733
770
730
796
779
769
735
714
691
678
669
654
653
646
652
680
727
736
737
734
713
740
754
753
744
757
749
726
701
688
666
648
639
622
624
616
640
631
679
688
775
801
853
852
823
774
723
671
675
661
660
682
711
714
727
688
726
699
711
711
716
713
711
704
686
665
639
628
636
638
645
671
748
990
1003
1016
981
990
994
981
982
939
930
923
939
958
995
970
973
935
914
943
952
937
974
996
991
952
957
962
974
975
998
980
952
950
948
979
953
976
978
959
926
940
937
926
893
898
896
890
863
878
904
917
884
894
893
892
894
908
925
909
896
902
874
862
879
885
882
865
896
884
895
858
862
864
875
901
916
928
906
910
916
907
904
902
895
861
831
840
825
888
879
930
926
948
887
892
869
832
827
821
835
820
859
836
845
840
859
833
784
775
834
849
849
856
812
828
828
800
767
784
760
718
696
679
659
650
657
664
688
719
714
703
738
798
800
776
805
827
829
875
847
781
825
863
916
876
1000
974
898
871
835
785
804
846
941
896
970
999
865
825
782
755
785
725
817
777
789
747
703
674
639
646
618
610
615
605
618
619
622
614
623
630
639
639
637
628
630
614
590
584
582
583
587
670
772
836
903
653
667
614
663
691
923
941
934
869
804
753
709
694
675
684
680
711
710
679
698
725
769
760
753
855
757
793
773
796
824
821
824
801
765
761
745
808
795
959
905
986
1105
1028
988
852
821
870
842
879
926
1124
957
969
1008
1038
953
965
988
1008
933
946
993
1007
969
963
976
943
958
940
914
953
958
946
873
874
818
823
835
894
997
1117
946
990
998
949
947
925
873
866
807
876
893
811
818
904
859
849
844
821
841
802
749
735
728
713
690
699
681
650
633
628
629
625
620
623
616
616
636
697
845
840
891
935
974
894
872
844
806
779
853
1080
979
809
721
759
819
1056
980
982
969
922
889
842
786
753
730
715
750
803
851
875
871
786
807
816
842
830
804
790
773
788
768
699
716
703
756
873
937
1093
1068
1018
931
916
886
854
858
843
766
769
785
836
810
814
817
805
801
757
729
696
687
675
678
673
661
672
677
725
758
694
704
713
713
761
762
789
821
793
773
744
730
703
722
736
813
824
753
777
792
864
826
816
787
776
757
743
704
729
738
794
810
837
847
862
894
873
842
878
945
992
981
1032
1060
910
940
950
1003
1005
1065
1023
963
985
1006
912
865
981
1131
971
937
992
976
951
916
883
960
1023
979
972
999
965
865
819
819
935
993
1222
1070
1057
1090
1015
1000
1006
968
960
987
971
951
982
944
884
918
967
964
896
917
962
978
964
943
878
790
745
748
825
955
961
876
856
834
801
765
737
722
709
713
713
676
680
724
793
745
725
706
696
682
664
650
631
621
612
612
609
613
617
639
654
664
649
675
737
773
771
812
816
839
863
834
807
771
737
727
739
752
759
760
740
737
713
704
646
700
704
790
780
824
810
718
699
688
664
658
666
674
673
675
673
665
633
650
640
654
708
761
783
817
802
788
768
740
711
698
691
706
758
801
852
840
820
718
740
759
801
892
912
925
877
840
749
737
702
708
729
764
782
799
804
777
768
740
766
809
897
938
1019
1017
905
872
871
811
771
745
776
755
833
830
833
794
746
729
701
720
715
704
714
724
693
683
667
648
638
637
630
623
618
662
656
747
838
969
903
834
815
832
827
1044
1116
940
953
966
976
971
931
912
852
758
770
817
1152
953
889
937
905
880
914
929
959
905
983
1049
988
968
1009
1035
1011
986
1023
1013
934
964
960
902
907
909
923
897
935
977
993
929
949
937
870
861
910
1019
969
957
939
921
862
858
847
861
848
807
820
829
771
785
762
828
828
805
787
764
730
708
718
729
758
795
866
932
900
904
896
874
896
888
861
889
909
911
930
910
892
818
851
860
871
845
867
897
814
803
773
750
804
867
828
837
809
829
842
800
796
812
833
788
816
830
831
830
791
773
725
688
697
705
815
874
856
924
936
953
987
1026
953
970
977
923
963
964
910
942
948
930
951
953
889
900
954
884
782
716
745
771
748
771
819
886
860
804
802
748
834
836
794
808
797
752
771
802
853
838
838
877
935
906
927
931
909
858
886
906
882
873
915
945
886
927
776
729
732
750
905
1238
1085
1061
994
933
822
766
741
779
846
830
832
801
775
770
725
714
686
717
791
804
731
751
703
793
852
865
854
832
813
792
760
687
689
687
719
750
784
795
794
788
738
712
775
793
792
756
738
762
852
1223
1040
1021
979
930
870
842
853
841
845
833
835
808
822
839
888
917
916
930
926
810
778
765
811
984
932
904
839
785
741
721
699
660
647
668
662
695
787
840
831
817
788
764
729
694
660
668
650
712
785
799
813
817
836
827
827
815
827
850
894
912
980
988
897
857
842
859
866
800
822
912
891
813
814
854
948
960
945
941
854
789
827
883
1005
892
889
976
983
885
899
878
814
812
830
877
854
824
852
855
864
893
962
967
863
869
860
892
831
852
886
938
893
928
991
1018
938
796
804
807
860
932
920
888
845
778
755
738
761
691
718
715
778
811
811
787
757
724
704
682
674
663
652
655
676
766
1247
1088
1013
987
813
783
728
776
914
918
899
896
877
898
856
850
831
935
1001
955
917
900
838
824
809
812
791
787
778
803
836
914
889
817
765
715
690
723
750
776
848
845
854
837
860
847
849
760
811
796
1008
1039
974
805
816
765
783
811
821
847
820
807
790
771
756
700
693
707
772
812
871
843
746
770
751
768
771
752
732
714
692
675
669
667
657
634
637
635
636
646
667
687
710
706
704
704
671
706
676
766
826
891
848
818
823
789
749
763
749
757
777
820
858
892
883
841
817
836
868
922
904
837
876
937
979
974
1072
1099
999
957
1017
1052
989
990
998
1007
942
964
1072
1081
964
947
915
923
906
926
974
897
985
1119
982
901
828
752
957
1057
979
932
848
777
723
743
864
1136
1022
964
1014
989
929
930
930
890
952
954
940
938
983
980
909
886
872
782
822
955
1016
1003
1009
1010
920
934
931
901
897
934
939
900
930
907
836
857
821
868
837
910
954
895
905
915
887
895
921
880
903
907
862
832
861
878
830
872
860
850
810
869
808
748
720
767
778
832
859
870
854
939
984
880
896
927
886
961
984
907
1028
1030
909
979
971
883
948
961
898
970
1036
920
952
939
857
907
912
931
902
963
923
855
856
892
837
930
922
861
867
854
822
812
840
905
896
985
981
896
947
969
889
941
901
898
845
799
827
909
915
950
878
819
813
823
798
816
882
990
924
821
800
828
906
918
881
925
914
848
935
938
878
858
831
805
835
875
822
805
754
749
727
707
690
683
706
764
971
879
897
880
855
776
815
813
990
935
905
978
935
1018
1058
948
987
970
891
921
895
910
862
929
981
892
934
929
904
780
795
711
692
666
677
628
606
599
630
673
766
799
788
787
758
747
730
731
703
697
688
692
691
704
729
743
797
828
843
916
927
989
997
890
872
929
954
1029
1092
953
990
1033
1034
1010
964
963
940
995
981
982
936
892
871
807
849
849
983
1146
1008
932
945
936
879
935
939
924
919
956
974
911
893
907
853
815
793
822
883
1094
981
950
905
856
783
782
819
889
835
813
819
786
849
845
990
965
898
841
793
747
714
694
692
709
674
704
679
824
929
901
880
919
908
882
838
778
747
719
744
750
715
748
769
921
1138
1067
972
907
839
787
768
692
696
695
700
811
825
982
1025
1030
974
805
743
695
697
732
700
683
695
740
803
841
854
854
863
854
860
887
912
909
908
917
885
922
856
825
861
920
1030
936
938
917
822
790
796
806
758
738
752
744
739
704
688
672
666
672
742
846
951
970
968
907
770
746
727
746
833
857
865
836
795
765
747
723
692
691
720
817
937
1013
1031
1009
903
909
901
830
870
895
902
845
889
907
933
889
959
1012
929
914
913
901
755
788
772
815
866
865
877
852
802
750
717
689
648
656
640
634
623
613
592
587
575
568
559
554
554
559
571
569
570
600
629
699
671
907
863
957
953
959
933
913
865
862
830
832
804
782
767
756
853
962
1042
941
933
910
855
827
761
719
740
733
764
771
804
808
830
771
772
717
717
736
751
732
748
787
803
780
767
749
719
709
692
682
729
789
796
919
1109
1107
1079
1063
1007
1003
979
927
964
986
946
961
999
1050
1004
972
1023
1030
988
1004
993
949
885
898
928
958
923
961
967
974
948
989
978
963
917
942
963
937
910
897
878
806
848
864
886
912
910
890
837
787
737
680
703
700
742
782
817
827
830
812
799
763
728
753
768
815
821
848
835
804
786
744
754
751
775
714
782
786
867
925
977
921
877
815
783
790
805
748
721
681
711
698
785
725
720
703
745
754
772
725
703
678
678
696
729
822
936
969
913
819
768
756
803
873
981
984
981
931
880
819
760
694
717
743
880
956
958
958
914
820
752
738
772
775
766
767
766
744
738
728
706
690
730
757
840
906
990
998
951
892
827
791
760
763
761
791
783
762
739
728
710
691
688
744
813
861
899
931
907
877
798
754
731
725
714
700
684
678
674
664
688
717
802
861
1022
1032
1034
994
967
952
938
915
929
908
906
922
931
936
842
784
686
667
658
664
684
715
753
793
793
784
761
772
745
764
752
778
815
832
847
875
895
858
842
833
839
813
864
859
871
809
837
819
909
971
937
1064
1100
978
980
1002
993
930
948
917
809
807
832
959
814
855
919
908
963
980
889
812
856
1208
1154
1184
1104
1068
1080
1035
979
962
914
906
960
995
962
922
839
866
902
923
950
929
852
806
775
763
751
787
771
822
815
895
931
904
858
805
771
669
691
667
715
788
844
874
854
863
858
841
826
813
798
712
729
682
712
746
775
813
811
801
764
745
738
739
709
686
672
690
740
903
1017
1036
981
939
897
833
770
743
724
698
697
716
748
803
801
769
804
815
879
907
996
1051
1047
980
1018
1027
970
962
922
913
923
930
905
912
874
813
739
661
731
795
845
854
850
854
829
774
791
815
877
931
893
903
905
849
773
783
800
859
871
879
845
736
745
714
745
784
747
738
720
749
778
805
852
856
854
793
740
771
835
826
787
709
673
654
685
689
699
670
708
740
760
780
789
776
744
719
703
676
708
766
773
901
923
916
799
729
732
727
923
883
886
922
1023
950
886
876
869
855
852
792
814
823
831
826
876
975
971
947
951
966
881
871
899
916
884
823
782
728
728
800
1113
994
910
883
883
890
930
897
830
773
772
874
818
774
756
727
687
684
672
701
671
667
638
636
620
658
670
671
746
844
809
866
898
931
918
891
895
947
1014
986
868
832
929
896
865
897
963
951
947
1010
1001
916
889
918
997
923
907
1018
956
872
896
910
886
814
844
1001
864
893
881
861
873
832
799
754
711
688
674
668
669
666
680
685
706
778
751
737
729
770
808
858
881
901
875
834
837
820
781
746
709
690
668
678
697
708
772
819
877
784
792
794
817
820
812
735
731
706
742
767
759
748
771
729
727
770
880
1118
942
836
779
1002
945
948
960
922
822
735
707
704
714
773
753
771
785
751
728
697
672
644
637
616
621
650
645
630
628
627
612
602
594
589
578
571
565
561
558
552
545
538
530
523
521
522
524
526
533
557
617
824
804
902
990
1037
974
922
873
822
775
764
722
702
688
674
653
654
713
755
793
875
862
838
772
717
677
653
632
633
641
688
776
863
955
922
937
939
883
757
716
701
740
736
715
729
710
696
651
649
643
635
632
635
635
635
657
633
659
657
658
760
851
854
926
961
901
850
800
733
688
653
629
609
595
585
577
576
583
602
653
716
764
837
841
884
887
808
757
716
666
660
635
638
633
642
636
626
618
613
623
634
649
664
648
635
657
646
663
618
724
663
679
655
666
677
669
654
649
640
618
604
593
581
580
587
598
656
715
684
681
660
648
648
627
623
617
619
621
626
627
629
622
620
611
609
604
646
745
760
755
756
744
675
681
673
676
685
668
664
646
620
612
607
600
601
591
594
609
624
662
660
704
733
720
708
698
694
695
687
673
645
635
651
787
756
756
748
707
693
681
670
681
685
711
750
787
787
700
696
667
647
643
633
638
648
651
636
658
638
627
617
611
604
595
600
587
579
575
574
578
577
574
573
569
572
583
606
637
647
760
746
777
826
1013
880
763
712
666
635
631
624
636
634
632
616
631
639
647
684
661
661
642
635
618
624
621
625
647
632
656
641
655
650
659
644
625
610
611
592
598
609
614
604
602
607
612
615
599
604
604
599
636
702
729
688
697
684
644
656
647
654
651
649
634
624
632
633
640
644
648
635
661
646
633
628
625
619
606
606
608
601
598
610
610
617
614
647
652
664
673
670
656
649
624
599
619
602
610
623
638
640
642
641
637
641
673
702
667
721
721
742
679
676
666
674
677
666
656
639
624
613
618
605
641
669
748
761
763
716
692
649
648
635
623
615
601
622
627
710
881
859
872
827
749
698
675
662
648
663
694
751
761
759
771
833
876
861
821
783
751
723
709
683
670
665
702
734
806
872
789
735
809
868
797
811
824
814
792
780
736
775
859
1227
1090
1118
1014
1017
1089
1134
1049
1061
1018
1069
982
1081
1014
1025
1028
969
1051
976
1019
1018
971
986
896
965
999
956
971
995
1002
919
955
902
857
889
912
822
820
832
842
884
1041
999
802
771
773
820
791
904
893
905
801
825
807
873
883
882
810
747
713
677
676
669
696
688
763
858
954
891
906
885
782
798
803
737
790
747
772
821
822
835
819
780
725
748
781
908
922
899
888
834
748
779
793
1170
1079
1058
1014
1000
957
815
749
703
751
813
896
873
752
820
834
876
1156
919
976
954
968
972
974
972
993
1018
1022
864
797
766
821
1151
1062
939
880
799
757
934
858
1020
928
773
865
897
993
1011
939
904
848
834
881
867
862
798
774
749
807
911
908
903
866
827
804
712
748
750
907
933
965
913
878
851
806
773
772
771
882
852
906
874
856
839
812
772
714
783
787
796
825
870
864
861
847
784
783
742
808
819
874
892
902
754
804
786
854
764
784
770
854
934
931
908
886
849
834
840
834
803
809
801
786
750
790
802
806
787
788
744
723
727
743
781
791
806
848
895
895
901
904
876
755
781
772
837
1172
1013
980
860
805
875
950
1101
1027
932
933
850
783
861
846
958
997
1086
1037
969
901
760
762
771
1115
1034
1052
1019
891
971
981
984
979
971
864
918
831
846
891
890
948
910
930
825
827
832
928
926
921
910
864
766
761
751
776
956
938
933
896
793
738
755
742
759
762
737
818
881
943
881
797
732
748
771
836
867
901
878
795
755
739
753
866
810
853
823
800
728
759
744
774
793
817
831
847
797
808
753
779
769
738
784
802
861
852
816
737
724
702
735
720
765
745
703
749
737
766
785
772
748
742
750
757
740
715
780
759
781
777
771
762
739
725
746
748
771
779
774
729
729
674
658
643
637
613
596
584
571
563
553
547
546
538
531
524
519
515
509
504
502
502
505
516
561
675
823
912
763
864
922
898
889
832
808
846
825
831
839
818
757
705
688
725
710
710
686
675
687
715
838
827
788
759
743
725
688
667
648
626
638
648
663
700
862
923
958
893
885
873
856
831
828
805
821
795
782
760
753
762
759
757
741
730
725
718
705
730
731
717
700
705
691
693
695
696
722
726
725
730
721
760
723
722
702
688
667
651
652
647
635
622
628
604
591
586
583
590
586
592
591
597
592
592
591
590
568
564
575
569
574
566
566
563
552
546
546
541
536
530
528
527
521
518
518
516
513
509
511
511
515
512
508
507
511
510
516
516
515
508
510
507
504
503
505
501
499
499
505
505
510
505
506
508
508
500
503
503
492
498
489
483
477
481
485
484
487
487
483
476
474
479
487
490
479
475
479
483
488
473
474
475
478
478
475
471
466
467
466
462
465
475
479
473
471
471
471
469
479
479
479
473
470
473
471
475
465
466
464
464
459
455
453
453
452
461
465
470
472
470
457
455
460
463
468
461
459
457
455
457
450
451
450
454
450
449
445
445
448
450
451
450
448
445
443
444
447
445
443
438
439
444
441
438
438
443
445
447
446
446
455
460
459
458
462
468
469
465
465
473
471
470
467
469
474
472
466
468
472
462
458
467
458
458
448
453
456
462
463
481
510
521
512
521
522
521
520
527
522
509
509
511
511
508
511
520
526
521
521
543
556
567
595
586
554
578
574
566
565
567
548
551
528
559
574
616
657
611
671
686
729
740
822
759
796
818
766
722
667
680
697
711
724
745
873
869
766
729
826
901
858
862
1097
966
831
899
941
881
896
928
988
973
958
875
859
786
681
642
658
776
774
769
705
639
672
706
837
901
926
750
756
781
1149
1057
956
1073
1076
992
1091
978
1000
1040
1153
1150
1135
1062
877
872
991
1215
1193
977
995
1048
1049
1063
1039
965
1007
1011
877
904
997
1046
935
929
937
901
892
811
812
822
852
876
766
914
1143
1059
992
877
905
843
891
845
770
819
841
857
996
1030
986
904
833
791
782
745
430
999
666
747
884
1129
963
960
1051
1135
1138
1017
998
976
818
795
872
896
897
864
794
789
756
754
760
825
875
1040
1061
933
867
790
710
706
689
802
860
870
793
816
900
980
890
928
838
775
710
872
998
808
838
851
897
855
762
769
779
868
892
869
753
764
734
772
813
807
809
775
728
705
734
766
837
888
848
827
730
744
734
753
785
804
839
797
801
718
754
781
825
865
936
1006
872
908
915
895
773
857
764
850
809
780
717
700
917
980
958
850
783
722
693
669
640
674
727
771
763
765
732
698
666
672
646
611
619
612
600
601
602
601
589
579
568
560
550
542
535
532
530
534
533
539
549
571
602
682
687
737
699
699
705
720
684
685
658
645
629
633
615
608
617
619
638
646
648
641
628
622
611
596
592
593
600
609
613
639
665
704
701
702
674
666
648
638
631
622
626
631
633
632
641
646
647
660
656
647
652
638
620
612
618
617
634
635
631
626
627
621
628
617
617
623
626
622
621
650
670
723
714
680
687
665
656
655
666
674
672
681
705
696
675
683
671
653
638
634
624
624
623
641
640
642
633
649
648
643
638
647
651
629
634
651
662
661
664
672
657
636
624
625
608
601
617
615
631
618
630
624
623
604
615
611
598
628
620
624
619
620
605
591
609
619
617
613
604
603
611
615
624
638
648
642
659
712
731
835
827
773
823
941
983
971
861
806
980
1116
1054
1042
954
965
1004
1011
1035
977
1012
1049
1002
925
974
998
970
853
881
922
1172
933
1082
1055
974
1058
1077
957
1008
1017
1026
945
1035
1068
927
957
1009
963
868
903
902
979
900
769
750
768
734
701
710
737
785
848
786
874
934
970
850
921
909
864
888
960
1003
828
885
859
846
891
1084
1095
935
1008
1026
918
920
958
937
914
968
956
861
978
1042
948
950
1030
1028
856
895
814
741
712
680
647
677
639
637
629
622
593
588
590
570
564
555
552
544
533
526
519
509
505
497
494
492
493
507
567
654
700
698
810
938
961
945
888
836
778
814
908
906
811
815
930
858
784
747
707
738
816
806
786
724
679
666
663
652
646
653
667
659
643
645
646
646
637
636
628
628
616
602
618
626
648
666
673
706
688
703
696
699
686
702
695
653
661
648
629
609
617
606
595
636
651
675
657
640
640
697
686
678
662
630
634
618
584
612
669
639
1160
954
891
830
761
724
700
682
647
652
641
631
615
619
617
609
613
612
610
608
605
599
602
607
608
618
625
638
653
639
664
655
656
632
636
624
620
611
628
616
618
633
670
664
667
671
677
662
635
637
627
618
612
617
614
613
609
618
619
615
609
624
621
635
634
654
646
643
652
649
643
632
635
621
616
605
609
604
600
607
619
630
628
621
628
627
619
614
630
626
625
631
620
621
629
620
636
645
633
629
621
612
601
602
596
594
594
602
619
634
631
646
644
623
630
630
631
617
612
619
611
600
581
578
577
574
572
605
670
766
947
984
947
960
1000
979
930
904
767
786
866
1064
962
1016
1001
910
881
847
791
720
698
688
799
943
873
807
833
881
818
757
784
790
821
863
893
804
764
722
720
778
752
713
688
680
667
658
662
634
651
676
671
682
639
701
688
709
718
718
682
628
654
645
689
801
783
815
806
783
754
683
708
738
1122
882
966
1039
1014
940
968
975
915
908
910
908
958
925
920
920
906
849
861
829
830
779
842
886
858
813
848
845
780
800
807
864
865
817
804
763
705
710
737
763
769
804
803
826
817
814
807
786
775
755
702
683
738
843
892
919
892
861
796
753
705
671
657
638
650
718
762
827
817
754
743
809
810
822
824
820
819
816
814
772
776
788
835
842
857
866
862
845
796
748
742
715
728
732
733
755
757
787
786
779
729
729
709
725
719
694
719
735
768
787
773
768
782
777
770
775
784
814
762
767
753
774
836
832
833
808
745
753
749
797
787
801
827
783
774
788
803
814
767
808
807
836
787
831
828
808
758
781
848
905
813
819
794
836
763
708
755
714
712
729
761
824
824
860
861
843
838
863
861
770
793
781
810
784
834
839
870
807
842
828
810
789
818
814
827
766
792
785
780
738
788
777
794
764
787
783
742
753
753
775
754
789
803
832
774
787
782
766
749
796
810
783
806
813
813
765
797
789
796
745
759
793
811
765
798
800
787
783
839
843
847
769
769
708
680
706
705
789
770
744
746
731
709
678
683
672
666
649
654
658
673
688
694
752
779
803
768
822
821
861
797
795
770
712
720
695
728
714
785
785
806
751
748
739
731
708
770
751
800
751
772
769
772
742
758
752
796
730
808
796
851
814
832
809
756
751
743
812
880
823
830
775
726
746
761
813
755
798
810
846
834
776
765
781
809
824
782
807
810
822
778
815
795
804
762
804
794
813
774
809
799
795
746
772
752
759
749
771
790
754
793
796
783
759
779
749
755
737
764
770
746
801
757
763
737
748
747
724
757
809
841
780
838
813
794
746
775
785
796
743
794
784
797
757
826
825
842
787
822
818
767
804
789
817
777
811
800
841
794
845
856
830
803
835
852
861
812
853
849
831
782
822
811
802
761
782
772
791
756
799
779
793
751
797
810
830
774
831
803
786
729
774
768
830
773
839
846
850
820
852
824
769
765
750
755
722
760
758
772
731
773
776
811
731
783
744
747
732
762
757
732
752
754
740
700
744
713
758
713
718
745
767
742
710
738
719
708
691
707
708
725
702
741
722
726
702
736
733
732
707
747
730
737
708
733
727
730
707
724
711
724
705
726
721
751
729
774
773
805
777
795
791
780
732
757
729
742
723
776
759
780
746
737
765
816
886
822
844
802
771
736
741
742
735
740
772
795
747
818
814
813
787
794
793
745
761
763
797
745
799
784
813
789
785
783
741
734
744
781
791
770
797
786
767
740
742
735
713
735
760
782
773
788
807
789
746
778
750
750
739
768
763
769
730
810
813
831
780
811
771
768
757
824
835
851
808
830
787
764
765
784
775
805
813
844
785
697
703
680
663
693
704
720
688
679
664
650
637
625
620
608
597
594
587
590
599
615
623
689
745
857
812
917
1007
883
866
830
817
765
739
711
739
740
746
714
696
688
685
696
703
719
690
680
693
697
736
747
723
709
700
766
939
1080
1007
970
954
877
820
764
771
814
1104
1071
940
945
959
954
854
847
839
886
915
889
933
960
911
821
838
837
875
869
938
967
991
896
910
912
882
820
862
910
905
821
851
846
868
841
867
899
836
887
891
895
831
860
899
860
813
830
837
802
820
813
820
785
840
858
815
839
814
790
787
806
829
784
806
806
805
770
818
840
888
854
817
855
842
813
773
790
800
785
760
771
777
752
776
798
871
857
813
816
786
743
760
787
813
784
819
859
842
802
811
801
775
800
802
820
767
814
803
800
774
820
824
832
820
850
869
803
826
808
806
752
798
796
823
810
848
835
798
822
801
747
795
783
813
803
831
789
809
738
689
668
653
633
642
676
705
678
698
714
718
742
705
687
701
716
745
731
749
786
870
868
896
900
877
814
826
822
847
796
830
836
825
818
874
856
804
833
842
919
850
826
808
780
743
768
782
797
808
812
860
792
805
774
751
751
764
760
735
777
773
786
771
771
782
737
784
772
811
758
787
764
757
729
771
751
749
766
758
765
734
771
757
766
741
763
764
762
739
771
777
752
780
765
773
729
764
745
771
726
748
771
802
777
748
762
769
735
743
757
788
755
765
771
778
729
772
756
803
765
816
794
813
765
785
752
744
729
753
775
801
749
809
793
808
757
784
756
730
741
749
757
732
760
750
746
713
757
743
820
760
818
809
793
752
783
779
776
755
801
804
860
802
838
817
800
766
783
766
771
756
801
812
793
777
791
791
753
756
743
805
761
862
933
1008
907
937
904
819
801
805
789
778
843
865
842
893
945
956
835
877
844
825
790
829
876
888
825
863
836
775
796
791
791
758
822
799
849
864
921
949
813
805
802
829
800
811
831
853
824
840
857
867
791
795
783
780
737
782
696
715
733
720
716
788
742
789
778
773
735
744
758
773
804
766
790
790
821
803
807
850
896
862
872
887
882
802
840
845
821
849
842
850
808
862
855
813
831
841
853
777
801
828
865
817
828
834
832
770
811
814
849
793
809
824
858
814
803
813
815
779
758
789
799
849
800
826
822
799
762
788
778
789
737
771
746
738
729
752
736
778
794
787
798
815
832
814
773
798
808
808
760
785
763
797
745
759
797
820
813
808
849
854
793
801
802
809
755
795
796
809
767
807
794
786
780
784
789
769
747
775
785
803
768
789
780
783
718
773
748
747
797
813
834
781
811
804
785
761
773
795
772
795
798
835
784
828
823
787
811
806
793
766
817
825
782
823
803
816
749
784
765
780
752
828
834
807
822
836
826
771
789
776
774
756
802
815
788
815
794
813
741
777
771
789
802
834
839
797
826
825
800
805
795
763
771
780
779
744
786
765
762
726
771
778
792
752
791
807
818
776
819
819
813
773
799
764
752
772
774
765
758
785
809
765
843
814
825
799
826
802
797
777
809
822
827
782
814
809
811
762
799
777
821
744
804
791
837
793
813
798
814
787
847
832
809
785
809
808
771
799
804
813
771
826
821
777
792
776
809
765
816
803
814
794
811
785
764
795
805
827
775
807
778
782
722
723
733
791
783
804
843
898
879
894
947
961
851
826
806
766
720
711
714
708
716
767
774
782
728
738
726
718
678
689
681
685
679
683
711
737
780
767
841
884
871
812
841
863
877
842
897
913
825
849
857
894
854
937
976
941
903
882
858
813
846
876
878
822
864
857
857
826
853
896
880
842
848
848
821
801
836
870
845
843
852
877
797
852
834
890
821
871
905
905
846
863
882
829
895
875
826
836
825
837
803
843
853
823
883
854
831
814
826
855
788
828
815
810
780
809
798
761
767
770
789
759
830
795
814
802
834
845
813
843
830
801
757
766
761
729
714
693
676
655
675
676
683
708
703
688
670
678
668
670
648
654
661
682
708
706
795
825
952
868
945
979
926
938
876
887
934
951
869
907
946
912
947
940
857
887
878
851
924
956
914
939
917
859
876
908
870
871
876
842
810
832
807
774
823
823
782
829
835
811
795
767
737
693
754
770
856
813
810
849
869
812
824
833
815
771
803
864
981
927
934
911
872
867
879
909
845
892
919
882
918
910
868
862
850
878
798
845
829
825
848
857
881
799
821
789
751
810
792
835
771
809
812
779
813
809
817
800
830
830
787
776
782
810
794
769
806
793
811
768
817
819
804
784
813
829
795
760
773
771
757
735
781
801
782
825
813
823
767
830
841
836
857
850
835
798
814
808
773
813
808
833
840
896
877
811
826
809
788
776
791
794
761
807
791
778
750
776
779
774
779
821
845
798
832
824
797
768
786
782
739
767
761
807
777
833
854
841
812
803
767
736
769
826
794
784
794
813
763
808
796
771
745
780
780
845
782
822
858
897
827
821
823
829
806
846
871
912
851
883
887
856
819
801
741
757
772
845
809
875
896
874
868
832
784
805
781
831
813
890
858
813
829
826
813
799
804
794
742
777
756
756
720
743
767
745
827
803
863
800
829
801
758
789
766
779
759
803
810
795
851
863
824
833
817
794
778
781
706
712
673
703
713
697
674
663
654
637
627
614
602
602
597
595
604
598
600
600
593
584
585
579
577
577
572
571
577
585
599
630
653
703
858
906
882
942
1011
953
902
889
867
813
875
927
909
886
910
885
788
768
747
771
780
764
807
825
844
841
885
896
888
896
866
837
833
858
896
886
917
884
830
847
831
838
804
841
858
837
811
830
799
795
744
756
756
737
717
732
736
811
749
706
677
733
729
743
724
699
738
748
764
755
769
773
781
756
814
734
739
717
683
663
698
727
765
779
728
762
753
743
722
708
725
718
739
712
735
809
834
848
809
823
769
729
729
725
752
726
748
753
734
717
690
705
703
743
786
772
751
729
722
698
692
701
699
668
710
696
667
662
678
661
632
645
631
628
630
630
627
616
610
607
599
588
585
575
589
600
671
753
868
855
853
801
802
841
852
799
830
769
715
740
723
743
729
721
723
710
722
746
734
752
790
770
753
725
755
736
721
748
769
736
709
709
708
711
695
704
708
703
678
672
679
688
710
678
688
709
727
707
702
756
830
887
820
878
892
850
806
815
872
816
827
879
861
786
813
808
798
758
800
827
863
846
873
917
807
792
802
817
822
816
863
875
797
823
824
858
785
845
878
852
789
856
871
919
851
885
920
823
854
860
921
834
837
811
839
815
854
906
828
839
810
799
760
765
749
796
765
792
835
882
797
798
776
786
763
760
695
674
659
635
621
607
609
599
590
579
570
562
570
569
564
553
548
542
539
534
549
563
683
847
898
925
944
958
979
898
883
850
817
785
761
775
772
750
713
695
690
666
668
652
650
636
638
635
637
633
635
635
623
637
644
668
662
669
663
659
642
625
607
597
587
594
607
620
675
677
735
718
884
1001
1044
1047
1021
950
889
889
876
862
832
824
817
813
766
838
855
888
865
859
838
806
772
752
740
722
725
721
726
734
744
729
738
816
840
858
845
800
776
747
721
693
671
654
640
639
644
707
763
832
856
853
792
720
689
684
662
658
659
638
628
622
617
612
610
614
623
632
646
676
732
708
757
755
777
772
759
726
749
719
728
692
677
659
638
650
665
698
789
779
813
812
802
761
713
684
660
641
630
614
616
639
739
824
881
848
805
798
760
710
691
675
669
670
660
656
646
635
634
647
651
688
707
710
710
690
681
684
676
682
699
673
687
676
661
645
626
614
604
597
597
604
642
697
704
706
690
651
647
634
621
600
460
713
630
662
855
773
697
648
675
686
694
739
748
725
732
703
646
664
658
734
667
673
643
639
631
629
669
669
647
633
631
628
657
656
689
786
771
707
711
749
795
939
923
904
786
743
765
800
771
737
713
733
817
979
964
914
876
817
785
785
778
803
876
908
905
848
780
782
811
894
1000
973
952
911
859
820
788
774
789
813
848
862
858
806
747
730
726
791
873
808
769
725
780
766
779
768
751
716
698
681
674
686
726
792
854
904
858
833
854
1014
1137
1021
965
913
871
803
750
765
793
899
1085
1020
962
930
880
852
806
756
757
763
781
834
854
797
738
715
691
712
732
768
738
705
725
729
799
811
757
758
760
812
831
795
792
821
878
939
884
855
874
901
888
811
825
819
823
802
842
859
844
833
823
825
771
782
793
835
831
845
848
840
778
799
780
796
752
788
794
793
744
743
735
739
744
749
788
783
842
801
759
726
728
777
848
938
979
887
805
774
771
788
832
847
840
809
779
776
798
817
881
866
811
811
795
778
762
752
776
801
833
808
778
789
783
806
768
759
782
786
810
792
815
827
842
805
822
802
821
769
737
733
746
810
976
1036
915
859
874
896
892
859
799
823
822
847
879
853
912
934
896
813
800
730
712
749
705
714
689
694
695
705
694
694
696
688
668
665
651
632
632
625
620
615
619
615
603
614
616
690
844
805
866
911
944
887
914
904
812
810
833
949
911
982
1207
1066
978
891
848
903
1055
953
948
965
852
781
741
703
701
679
670
757
784
835
952
990
844
793
766
787
841
797
789
782
896
1095
997
855
840
856
895
988
1043
997
917
824
791
806
820
1166
970
978
938
893
838
841
896
921
952
887
857
876
867
830
830
855
875
849
810
763
764
767
810
811
753
776
778
779
746
733
729
715
748
784
889
861
838
844
842
836
753
704
704
734
755
763
736
797
842
835
764
786
795
871
834
818
788
872
791
799
810
806
757
778
761
749
726
771
733
731
729
721
768
745
738
708
714
772
799
823
808
801
820
851
841
810
866
957
917
953
1013
996
923
932
953
917
879
889
933
854
888
898
870
817
848
874
898
849
898
904
851
780
793
822
979
943
905
895
903
834
854
833
771
732
701
701
671
652
640
636
738
737
715
827
841
754
720
676
696
657
642
636
648
654
649
656
650
678
721
797
796
740
734
758
763
731
795
809
749
713
725
713
759
814
854
875
888
898
896
891
854
805
789
776
894
1057
982
916
848
780
715
685
671
667
729
799
896
928
979
977
873
793
741
756
868
1173
993
864
854
856
919
910
941
909
831
848
896
884
821
816
842
851
861
787
823
853
888
812
821
810
813
772
811
794
826
792
836
877
890
807
822
786
775
747
797
803
837
785
805
786
793
749
803
821
855
782
799
804
815
777
824
827
864
829
894
907
881
885
908
882
814
819
793
808
806
828
872
906
906
890
871
815
834
775
819
823
851
828
911
935
930
866
898
893
842
816
830
805
803
801
874
860
864
838
860
827
802
760
711
694
690
689
711
708
740
742
736
721
711
681
675
657
666
675
664
671
666
718
742
818
814
837
796
777
741
714
687
713
720
778
787
864
957
989
901
926
1046
1023
922
929
919
910
858
880
912
877
870
936
938
886
909
932
919
835
857
872
887
856
876
872
813
859
847
813
802
824
861
878
945
925
903
862
885
972
870
896
906
866
907
932
967
913
974
1012
918
815
790
801
889
885
828
805
808
820
834
780
767
805
808
807
758
770
779
784
763
748
778
774
819
765
817
824
794
748
777
755
794
766
827
860
926
882
916
905
820
828
810
845
842
876
936
862
886
893
851
855
879
926
844
896
890
854
878
881
863
835
878
855
813
812
793
787
769
825
900
847
852
862
836
803
832
842
789
803
799
813
782
852
906
939
914
949
991
931
900
827
852
870
835
876
912
867
896
900
866
874
913
895
854
913
1010
1000
1046
916
858
780
771
759
821
774
772
758
722
700
683
699
730
821
950
999
919
965
949
884
896
907
927
843
895
936
887
962
979
881
878
878
831
938
1059
1052
1007
961
861
874
875
820
766
735
733
751
825
798
873
826
852
811
806
790
806
814
822
811
840
873
871
840
838
821
834
843
926
934
1137
1140
1031
1077
985
987
955
868
843
887
1056
1042
1078
1131
1011
1025
986
856
906
910
970
945
979
974
903
933
956
878
881
897
898
830
869
878
830
855
850
897
813
816
824
847
812
862
977
940
854
794
724
698
675
666
677
701
739
698
699
706
707
710
686
688
684
670
686
683
720
865
918
1004
1141
998
1020
1101
1001
940
889
875
816
785
781
759
836
1261
1133
1061
1014
1009
954
891
853
888
862
819
867
913
1012
932
945
886
821
823
854
891
893
1065
1118
1086
920
888
873
891
765
804
830
859
907
914
885
830
778
736
720
683
685
674
700
763
781
728
773
756
784
778
773
749
731
718
706
696
669
682
677
773
945
970
1007
961
961
926
829
833
782
768
873
985
1116
1055
896
856
788
807
815
844
797
765
836
921
932
977
992
886
876
874
922
899
970
1042
1031
972
1023
1034
913
973
999
978
984
1042
1050
937
942
949
914
882
920
899
872
929
955
903
907
971
962
842
853
843
855
816
866
914
854
884
866
902
865
934
962
887
897
917
849
852
878
941
868
944
921
887
809
840
873
924
854
920
947
926
927
920
887
847
861
851
823
842
869
890
931
851
840
814
819
817
794
803
770
749
785
783
880
928
970
877
867
820
829
807
782
770
804
821
917
860
933
968
907
890
909
908
848
844
892
936
854
889
894
885
878
954
984
894
907
894
823
828
809
828
791
843
845
870
910
1001
1008
903
883
854
807
806
815
836
804
897
938
963
931
994
995
937
969
957
854
873
898
939
932
1023
1043
962
1051
1074
952
981
957
920
959
1091
1061
1124
1221
1078
1061
1051
938
884
920
895
931
971
1026
982
935
866
822
774
767
746
746
776
807
819
905
917
829
861
849
795
813
815
788
828
771
738
760
760
763
730
734
725
749
792
780
816
877
855
971
1145
1008
923
833
776
820
972
1280
1042
1071
1043
991
1025
1016
975
1016
995
908
894
974
959
919
929
904
887
835
866
876
978
872
916
940
963
868
916
914
818
795
762
739
753
752
766
753
745
765
772
749
723
752
749
741
782
732
746
791
846
827
772
789
824
872
1177
1016
985
918
893
810
784
815
783
823
800
821
817
914
903
921
809
815
828
841
866
806
784
770
813
818
736
752
747
797
848
872
865
838
822
801
761
733
750
807
810
786
839
893
870
882
849
833
818
819
824
820
806
742
736
718
739
721
709
736
705
755
754
880
1039
1019
929
854
744
729
714
716
734
778
773
810
783
719
739
742
803
848
912
926
853
824
855
904
1021
1032
894
874
868
899
846
876
906
919
970
992
898
896
911
957
888
915
910
881
820
880
930
938
881
924
930
837
823
788
803
846
800
836
833
849
802
876
877
829
821
827
832
760
771
828
827
776
795
770
744
769
779
795
754
793
776
802
818
815
815
840
822
826
812
766
721
689
698
705
733
831
840
854
843
785
928
951
864
760
727
740
757
762
728
751
774
859
856
864
902
888
795
749
812
903
979
933
881
886
919
925
863
928
993
975
895
892
875
820
874
975
1030
875
882
864
882
855
960
1092
1033
1052
1023
938
875
894
979
882
957
1007
945
979
992
909
898
876
898
862
994
1038
981
999
1029
915
989
1050
945
997
966
875
849
950
1042
916
930
928
942
911
824
851
898
873
868
893
954
916
974
1002
995
941
984
986
911
938
948
858
884
889
921
863
935
1020
1052
957
927
894
818
863
866
909
861
887
938
929
861
859
871
896
830
860
861
883
827
877
911
964
965
966
979
888
885
853
879
870
888
924
1164
972
1024
1009
913
980
1017
901
831
861
875
1073
987
1068
1184
1042
1017
1010
956
868
811
831
897
872
941
1111
1091
936
955
949
915
850
884
1008
967
894
920
981
982
898
947
967
912
855
872
897
890
859
930
997
917
882
870
831
802
844
886
929
966
1090
1052
960
945
909
898
822
838
883
1083
942
1064
1155
1000
1067
1103
1049
1034
1077
978
978
995
1006
950
1012
972
1026
939
1036
1030
1003
1040
1041
969
1041
1089
1047
1038
853
813
835
1109
1175
1083
1065
1021
958
898
887
822
856
873
940
894
938
961
936
845
874
855
849
820
879
891
910
840
913
954
987
883
912
952
1007
989
1038
1007
890
866
849
874
832
910
1130
982
899
896
875
825
824
875
939
925
872
923
964
1019
911
959
1109
1070
899
903
915
959
910
982
996
920
956
1021
1104
1042
1177
1100
967
960
940
948
900
880
891
875
840
857
826
782
746
752
808
787
764
749
772
794
805
744
789
797
814
805
942
1096
1033
978
981
978
937
948
1006
901
954
993
966
986
1063
1020
946
993
1080
992
980
937
927
841
903
927
935
942
996
1019
889
910
916
914
878
914
925
873
907
944
898
866
897
946
877
910
819
755
755
734
731
813
796
917
1005
971
869
856
861
818
757
763
761
797
820
831
821
762
771
769
798
764
742
765
761
771
752
803
837
1164
1162
1149
1137
1086
1155
1175
1093
1099
1044
1032
1072
1027
1012
1058
986
985
1024
988
928
903
957
976
906
977
1028
943
904
897
997
958
951
929
869
813
827
870
914
851
900
934
932
877
919
958
877
893
907
887
823
855
888
926
945
992
963
874
888
897
880
865
865
844
795
778
763
794
833
931
940
860
874
866
842
796
813
831
897
860
810
835
898
1014
935
926
911
885
829
862
883
906
866
928
1016
958
1007
1000
925
864
864
873
838
931
938
932
861
899
908
866
884
881
863
818
852
893
920
854
891
925
990
1011
1068
921
922
906
931
854
883
962
1079
1105
1012
914
838
854
853
898
976
1266
1118
1047
1133
1134
1089
1002
993
930
889
916
908
944
1077
1008
859
846
921
1136
1080
1026
891
834
762
739
770
909
1184
1071
1036
951
1006
1011
924
854
911
1202
1095
997
1050
1082
1053
974
1028
1096
1021
996
1063
1059
997
1043
1036
943
936
879
947
863
912
982
1015
898
822
750
730
729
698
683
678
703
746
753
742
737
746
740
714
700
712
723
750
739
748
796
938
1083
998
1216
1130
1005
1089
1176
1083
1055
1182
1125
1054
1104
1089
998
1063
1100
1002
1021
982
980
856
781
818
948
1099
975
920
1003
1080
978
1018
981
858
865
915
884
926
979
930
882
969
1048
898
1016
1071
959
951
968
978
912
1006
1035
905
927
952
984
889
946
948
950
883
931
977
926
949
972
966
859
887
879
832
831
838
879
839
840
850
896
833
835
816
833
813
841
858
902
826
839
854
945
885
945
1009
1020
922
948
958
901
818
839
831
841
802
865
906
964
897
931
966
879
878
878
883
817
847
835
796
822
796
840
787
824
901
1001
915
905
918
940
866
923
946
895
901
892
888
812
850
839
898
844
914
1052
941
910
896
864
806
868
871
882
820
843
847
823
831
816
815
754
760
758
894
896
909
939
940
846
859
853
838
851
912
1040
979
1001
962
841
856
854
819
803
839
961
974
937
997
1002
903
894
913
939
904
951
996
1006
908
946
948
942
882
928
1017
1002
891
910
927
978
898
888
908
930
890
896
912
959
868
876
887
912
850
846
845
900
904
814
848
844
812
772
791
824
889
896
821
878
967
1010
891
941
965
897
862
916
1123
949
1042
1040
957
1015
1019
956
918
926
1020
966
975
1095
1120
1016
1110
1144
1037
1026
952
916
832
863
813
871
946
1087
1004
1067
1011
958
1034
1002
886
932
917
872
1037
1331
1066
1042
1078
974
965
993
994
889
948
998
931
951
1002
1018
980
1052
1067
961
965
922
803
735
802
832
826
803
912
920
940
992
955
856
844
844
880
896
829
839
842
841
853
804
784
785
792
829
822
831
817
751
735
746
799
872
841
890
1021
1043
882
861
873
865
835
909
1002
1012
984
1022
971
845
839
813
844
785
852
898
1138
960
1032
1019
896
857
813
790
714
720
740
828
892
1008
1039
953
874
804
720
686
640
605
607
627
645
679
289
255
743
669
686
704
671
660
652
649
693
787
733
743
793
781
737
752
728
729
688
697
707
713
837
850
854
891
964
896
780
757
729
674
649
632
620
614
609
606
653
746
743
807
854
852
847
850
802
761
754
737
729
770
772
841
899
893
860
830
801
769
760
766
759
769
769
735
744
810
854
925
962
947
853
791
769
774
803
837
852
780
787
797
830
896
862
775
761
779
809
850
889
893
852
773
773
757
767
801
843
890
872
840
793
770
769
762
784
793
815
807
816
769
777
843
920
967
947
828
782
768
764
751
812
832
825
819
776
737
707
704
688
726
725
776
785
894
858
886
835
808
790
770
743
721
722
711
704
693
688
682
688
718
703
675
674
739
996
945
1003
1040
1037
1001
987
944
862
886
893
929
910
942
833
829
900
831
763
838
853
897
879
861
889
878
1055
1109
1069
926
953
1028
1106
1065
1109
1084
1031
962
986
1030
968
1044
1071
974
1059
1073
1069
1002
996
1024
1112
1087
1037
1073
1033
1024
956
944
965
1036
1106
1097
1044
975
882
786
777
867
967
1173
996
931
907
861
775
750
813
872
1008
1021
909
933
898
837
854
843
936
911
898
817
795
773
825
865
885
922
900
876
840
776
755
707
743
746
783
890
868
916
808
760
713
717
703
695
696
682
661
672
648
635
622
609
597
586
573
563
555
547
545
539
537
546
587
790
756
1060
835
1085
1043
827
1008
1018
943
809
785
791
811
895
859
832
777
694
707
758
745
711
705
721
722
766
794
806
732
710
706
714
736
784
799
839
793
758
729
703
679
664
645
627
653
665
771
828
956
1017
928
865
808
736
699
681
656
652
650
656
665
650
710
724
774
737
717
702
683
655
646
637
619
635
641
675
686
782
767
781
715
743
748
780
729
680
716
710
713
731
718
701
714
696
678
682
667
665
667
661
648
637
649
663
669
645
651
636
649
664
676
828
887
1025
1011
932
790
748
711
703
710
701
695
697
696
691
733
862
773
754
713
755
733
716
698
703
697
714
1073
959
906
815
730
708
689
724
785
868
987
969
823
851
899
953
820
827
832
896
872
841
802
763
733
701
713
702
730
778
842
825
808
774
721
681
685
670
706
796
859
868
829
780
731
693
691
705
699
795
835
956
942
903
813
773
742
711
695
695
747
801
872
825
788
775
777
765
724
685
675
669
653
641
630
639
675
715
718
701
742
800
1140
1086
1019
928
791
747
707
665
775
785
861
901
887
926
929
885
896
851
881
913
898
939
963
915
927
889
857
849
847
828
794
759
767
756
752
764
792
830
837
850
841
865
840
767
732
699
678
653
645
675
691
749
778
814
792
745
729
691
672
670
669
678
920
783
748
743
737
742
790
762
846
808
814
827
789
745
743
715
706
776
906
909
789
923
992
811
812
802
747
782
758
704
750
712
700
705
700
698
703
677
720
719
756
1263
950
868
782
732
694
649
641
617
604
601
589
596
605
606
628
650
692
731
730
714
708
675
716
712
737
728
736
727
723
765
751
718
732
692
690
681
648
709
699
709
1184
1131
1104
1112
1056
995
858
760
699
681
662
629
622
650
676
700
733
745
733
726
722
697
688
680
672
672
658
642
638
637
728
700
773
774
754
734
707
689
671
681
673
671
770
744
728
720
668
713
702
703
681
756
738
715
732
729
695
696
717
774
755
821
897
840
824
825
808
789
788
762
726
726
720
766
760
751
754
756
707
687
670
688
691
693
696
765
785
744
747
731
711
701
715
701
701
705
705
688
688
699
709
722
712
769
761
762
710
717
685
691
672
692
703
694
690
678
688
679
662
682
667
657
658
656
674
667
662
699
691
716
699
705
712
691
660
656
633
619
604
612
638
694
687
730
786
777
761
742
698
681
686
694
669
703
722
745
715
729
727
672
686
663
658
651
638
653
666
636
667
646
632
629
618
612
615
600
616
642
654
675
677
682
654
643
625
621
595
604
620
638
652
739
678
700
660
639
646
677
686
700
785
778
771
779
765
717
687
645
616
624
649
652
646
715
693
646
658
660
668
654
660
656
649
634
631
628
622
609
591
586
595
602
605
633
632
658
668
690
668
647
663
666
672
673
645
646
649
654
648
637
633
640
634
637
630
610
633
636
631
623
604
605
619
667
692
646
667
656
651
642
618
619
623
609
590
585
592
596
619
608
622
671
660
671
643
632
643
644
645
624
614
631
628
627
624
604
618
625
618
615
598
602
609
606
607
595
584
584
585
584
605
608
602
626
641
628
628
627
630
617
605
615
615
610
611
605
602
617
621
617
615
616
613
639
642
630
621
610
613
642
625
607
604
608
620
660
621
626
616
613
609
618
639
637
658
667
654
668
712
720
729
675
687
672
648
621
619
611
604
592
581
592
608
645
663
660
646
628
630
627
618
606
596
606
599
596
604
596
666
710
668
627
638
650
630
620
625
619
611
621
637
622
597
604
613
659
704
625
702
668
644
664
643
615
617
590
554
573
586
644
697
705
706
640
636
615
606
581
591
597
584
585
602
611
621
604
600
627
612
606
626
613
604
612
631
651
637
659
688
682
668
675
677
647
648
647
640
632
647
629
619
611
604
624
659
643
636
613
602
604
593
596
581
594
587
594
593
572
578
420
665
601
616
630
652
637
639
650
654
618
633
608
600
595
594
569
573
569
560
550
559
562
548
543
547
538
949
660
531
536
527
528
529
520
512
513
508
468
535
499
494
492
490
489
484
480
481
483
479
479
478
477
479
482
481
488
490
492
497
501
495
506
516
521
527
550
575
567
578
583
585
587
578
565
567
571
567
560
553
547
546
541
538
534
533
537
535
537
538
550
559
567
572
579
586
592
590
600
608
604
602
614
614
605
633
634
615
626
642
659
633
657
644
629
422
853
606
623
606
581
591
588
572
576
582
581
578
601
605
620
652
698
698
688
749
685
663
617
663
657
623
648
638
642
633
593
609
597
590
402
1439
579
579
598
575
608
608
586
603
585
566
576
572
550
544
539
525
520
513
520
505
503
497
491
491
979
501
474
480
491
479
481
484
477
491
476
479
488
479
480
475
464
474
483
468
466
476
461
468
470
464
462
459
458
456
457
457
455
453
452
458
457
453
452
454
456
452
451
449
450
451
449
445
445
448
447
446
446
445
426
461
443
445
442
445
461
448
452
463
456
462
463
462
473
458
462
461
463
452
453
455
452
460
446
443
448
451
438
438
438
428
875
427
425
432
424
423
422
425
422
417
420
418
417
419
417
418
417
419
417
421
420
416
417
420
419
419
419
419
415
420
423
419
420
422
423
419
421
421
422
420
422
424
421
413
418
420
419
420
422
424
422
420
425
426
423
422
426
425
422
425
429
427
424
427
429
430
429
428
432
428
428
432
434
432
424
434
432
428
436
432
431
438
435
433
441
442
443
446
447
447
446
451
450
452
447
444
449
450
449
445
450
456
454
452
457
462
461
459
462
468
469
466
468
473
473
470
472
478
479
479
469
470
472
476
476
463
473
499
506
514
523
525
525
560
595
655
655
656
632
669
670
623
647
622
620
610
598
599
620
607
601
603
595
596
626
603
590
603
604
588
592
604
590
578
591
594
588
632
615
601
596
590
568
559
564
576
568
592
631
587
579
596
616
593
616
631
595
583
583
575
567
578
582
584
561
563
559
543
540
554
573
583
580
573
572
560
558
575
602
582
600
738
668
651
641
608
607
593
589
579
582
572
563
577
583
572
587
596
592
607
614
600
620
615
615
620
600
599
601
586
580
601
602
585
578
601
592
584
595
598
607
583
585
600
598
586
605
615
592
587
588
579
563
552
561
573
567
569
596
596
588
576
586
643
641
609
604
603
588
575
586
591
575
580
601
607
589
579
605
610
582
618
627
594
602
594
591
577
594
606
609
603
628
611
616
649
639
635
642
623
625
632
624
610
591
587
566
571
582
579
601
618
612
650
706
653
637
634
610
612
616
602
618
617
600
590
610
595
592
600
575
587
583
575
566
579
587
571
571
572
559
539
537
552
584
593
581
571
575
570
555
561
565
564
553
561
557
539
541
538
534
521
526
535
545
547
539
533
537
547
549
547
560
570
580
586
596
624
627
602
623
625
602
605
596
581
596
599
580
588
595
585
601
596
584
598
587
579
593
621
617
631
634
616
645
644
632
645
629
620
652
664
627
646
635
619
597
586
563
563
569
572
575
570
592
597
589
614
624
604
616
622
607
604
604
586
579
585
591
580
599
609
609
607
602
585
582
581
569
567
567
555
555
558
553
558
573
579
588
578
575
574
567
563
556
568
578
575
587
585
578
578
581
578
567
578
591
581
611
608
622
620
606
640
635
627
624
606
618
614
605
589
604
597
579
595
595
583
585
598
593
635
628
619
656
661
639
658
653
633
632
622
601
608
604
588
584
582
572
565
559
552
574
599
621
637
639
630
621
618
599
602
599
574
576
566
557
555
555
541
538
538
537
535
531
535
540
532
541
543
538
544
543
540
534
531
524
529
521
520
524
522
520
520
525
519
515
520
510
505
501
503
498
493
495
496
493
491
495
499
498
497
501
507
502
497
499
504
507
510
510
513
496
496
505
504
506
509
528
537
539
540
546
556
558
552
545
543
538
528
522
522
519
515
514
514
516
510
512
515
517
521
521
522
521
514
514
510
505
504
507
501
507
506
511
512
504
514
512
511
516
507
509
515
506
507
503
494
497
493
483
479
482
474
474
474
473
466
467
471
465
466
466
464
459
464
464
455
460
462
458
453
458
461
462
454
467
467
456
463
468
459
456
461
463
455
459
461
459
452
461
458
457
454
458
462
463
463
461
464
463
459
459
467
465
464
466
470
467
467
462
469
472
470
473
489
523
527
534
539
534
532
539
530
529
521
521
521
518
522
528
538
539
540
535
536
530
530
533
539
552
561
559
554
551
558
545
537
527
533
522
514
525
529
525
515
519
520
515
507
507
515
511
505
516
517
515
503
508
516
509
497
494
496
491
484
472
486
481
479
473
469
949
479
464
470
463
468
465
454
455
471
489
494
497
492
503
511
503
515
517
515
517
520
515
513
518
516
514
518
518
517
513
518
519
515
518
514
510
510
513
512
509
508
510
513
515
515
514
517
518
515
515
500
505
494
487
489
502
569
561
549
539
525
531
537
538
551
585
563
559
548
532
530
526
529
554
559
555
543
543
536
522
522
560
560
543
540
536
535
529
542
620
640
593
571
565
553
547
560
620
581
565
557
556
536
534
577
563
553
548
532
535
529
545
596
564
550
541
531
532
522
539
549
539
526
518
519
513
510
550
550
529
522
521
512
505
517
526
521
521
510
510
509
500
508
548
534
523
521
513
516
517
535
547
532
520
519
515
512
504
519
529
525
521
513
521
509
507
522
516
513
515
505
509
511
521
518
522
521
508
528
533
536
538
582
697
671
655
681
650
662
690
653
691
697
677
657
646
625
596
590
594
608
602
608
609
587
610
639
631
636
630
618
615
605
594
583
560
563
567
568
560
602
610
643
645
624
631
602
646
641
636
716
751
688
749
747
716
721
726
699
679
659
619
626
613
598
613
597
597
587
582
573
561
562
562
552
548
552
554
538
546
548
544
541
540
537
534
532
517
520
521
517
509
506
515
516
515
510
514
517
517
515
508
513
512
501
504
505
496
497
498
498
495
495
496
511
521
534
539
531
535
533
523
508
504
515
513
510
518
521
527
524
532
530
528
530
528
521
519
516
517
508
508
509
504
503
506
508
509
508
508
507
500
499
496
492
490
493
487
485
489
494
501
510
520
515
525
522
529
525
526
534
518
520
521
512
513
509
499
499
495
486
489
484
479
481
474
473
479
474
469
476
477
469
473
475
466
469
472
460
463
463
457
452
456
455
447
448
450
446
439
443
448
439
438
445
443
438
441
446
439
437
445
439
444
443
443
442
444
439
443
442
439
438
439
440
440
442
439
440
441
442
444
447
451
453
455
459
463
462
464
463
462
461
462
456
456
455
452
454
453
453
451
451
450
451
449
451
450
445
448
449
456
456
460
463
469
471
472
475
472
468
466
464
462
461
461
461
463
467
474
487
497
501
505
508
504
507
513
512
512
518
519
518
515
516
518
521
525
526
525
521
519
519
520
521
522
521
524
528
537
543
550
553
553
554
550
541
543
541
541
547
559
566
578
580
595
591
592
583
579
569
563
552
546
540
542
541
550
541
551
530
416
688
555
577
601
594
587
568
554
556
566
547
539
553
537
521
513
506
494
482
471
481
480
465
471
467
934
460
455
468
466
459
460
461
464
466
461
460
459
460
460
460
459
457
455
455
455
457
444
444
448
445
445
923
467
478
489
485
477
482
483
477
484
485
478
472
478
477
937
460
459
447
464
442
442
443
446
438
438
437
424
439
425
420
427
423
416
416
418
414
412
410
414
411
410
408
407
408
409
407
404
405
404
405
406
404
404
403
403
403
404
404
402
402
401
404
403
404
404
405
402
403
402
403
403
404
402
401
400
402
404
405
402
402
400
400
402
402
403
402
400
399
401
402
402
401
402
402
401
405
403
402
402
406
407
406
405
408
414
414
414
414
414
414
418
417
416
414
416
419
419
417
417
417
421
422
419
417
420
422
423
422
422
425
426
430
435
437
434
433
431
433
431
432
429
432
436
433
435
435
438
438
438
438
438
438
439
444
449
450
449
452
459
463
464
467
473
477
480
479
479
479
478
475
476
477
477
475
477
479
481
479
488
500
512
523
521
527
529
526
525
510
390
604
498
488
1003
491
493
497
482
481
485
491
488
502
485
483
498
475
470
471
464
463
471
452
458
460
441
435
441
433
423
419
438
424
409
423
414
412
408
412
412
408
404
403
409
406
405
399
401
404
404
398
401
401
405
405
408
411
412
411
409
412
417
416
413
414
417
425
428
430
429
436
439
439
437
438
443
441
438
433
436
436
432
428
843
423
425
425
420
419
428
431
428
427
437
429
428
439
436
431
434
441
437
857
446
434
427
430
423
425
426
422
424
414
418
422
412
413
415
411
405
408
408
413
403
401
410
405
401
1212
405
406
404
409
409
410
408
410
412
414
416
419
418
419
425
424
427
422
424
425
421
424
429
428
430
432
439
440
440
438
441
443
438
437
431
434
434
435
433
439
440
439
442
448
442
438
441
443
440
435
435
438
432
425
425
427
425
419
424
429
430
430
438
443
447
448
457
457
455
457
462
457
455
460
460
459
464
469
478
477
488
499
495
498
501
506
503
503
507
506
506
509
508
497
494
493
491
485
485
487
487
481
486
489
491
494
489
494
497
494
496
502
506
495
497
496
497
494
486
494
492
489
490
500
496
492
494
505
506
505
519
524
521
526
528
520
515
516
510
508
510
510
510
506
513
512
515
521
511
521
523
510
520
524
536
523
528
529
521
525
530
520
519
535
535
547
553
553
562
557
549
554
572
570
567
561
564
561
550
541
551
548
547
542
561
557
556
565
558
554
564
555
555
569
568
579
592
597
608
597
596
601
595
578
583
573
568
567
554
556
548
534
525
523
519
510
508
515
521
528
536
553
555
544
551
545
541
531
528
532
524
518
524
522
515
517
528
538
536
538
551
545
538
533
536
526
511
509
510
500
491
489
499
499
496
507
523
524
515
517
516
512
516
508
506
510
506
502
504
506
513
529
539
548
547
566
556
556
562
561
552
561
557
552
558
554
551
565
562
570
579
584
587
581
586
588
591
597
583
590
577
556
552
549
540
546
549
553
558
554
560
564
562
546
552
559
564
570
574
574
582
575
569
564
565
566
551
563
563
562
568
571
578
573
565
585
587
574
585
579
567
574
559
542
547
527
531
523
541
535
531
540
539
529
534
532
528
521
521
521
516
515
518
514
505
510
506
504
505
510
505
511
525
545
535
568
564
564
568
562
565
555
546
542
535
521
508
507
501
497
500
503
504
505
503
505
502
501
502
502
502
503
506
502
502
508
503
502
506
507
493
495
494
488
491
496
489
488
488
495
496
503
497
504
504
508
506
517
520
521
521
527
524
520
517
522
521
517
521
530
527
530
538
530
535
534
538
529
552
566
578
592
578
599
587
601
601
608
679
705
725
724
693
700
684
669
702
684
693
674
657
646
640
643
640
628
634
649
620
644
651
651
642
642
628
619
628
613
610
610
608
626
648
628
663
662
639
652
631
623
624
612
597
608
611
593
595
592
583
589
592
634
610
626
655
629
644
642
621
637
633
607
616
609
591
594
589
587
577
586
587
571
582
579
572
563
561
567
567
560
547
550
548
544
554
566
562
553
549
551
546
547
556
554
549
554
549
537
545
549
543
537
553
548
542
538
541
538
528
533
541
535
537
530
531
528
524
517
517
523
520
511
518
521
516
514
529
531
531
534
527
521
517
510
512
505
497
503
507
519
546
565
577
599
597
582
575
555
563
552
559
557
552
553
551
535
536
532
524
525
527
531
540
553
543
549
574
582
582
578
576
580
570
558
559
562
558
552
547
557
561
564
565
562
585
588
588
585
590
570
578
571
583
585
593
603
592
588
595
585
575
576
570
559
554
562
550
547
551
544
535
528
526
523
519
511
515
506
506
511
510
505
506
511
508
507
504
515
510
510
516
520
511
508
505
495
496
490
484
489
487
482
480
485
488
487
490
490
487
498
499
503
503
510
509
510
515
514
515
513
510
508
504
502
502
499
497
499
503
502
502
506
504
501
505
502
504
502
490
494
484
485
482
479
477
509
544
524
515
510
505
509
508
510
517
521
521
517
517
517
514
514
521
521
520
521
521
514
506
514
523
515
524
523
516
521
518
517
523
526
526
526
516
516
513
505
495
488
480
483
477
470
473
475
501
542
516
501
496
491
493
495
500
515
520
519
511
511
507
497
493
505
514
510
503
502
501
498
497
498
502
499
497
495
497
494
493
529
546
527
515
515
515
506
498
525
552
540
518
526
516
506
500
502
526
551
528
520
521
510
510
504
502
500
502
502
498
490
485
486
491
519
512
509
501
498
499
504
516
509
507
493
502
509
513
518
521
543
569
583
561
578
571
561
567
559
553
556
546
539
542
531
520
522
520
505
502
510
510
503
508
511
508
513
518
516
518
523
516
508
511
503
495
494
493
487
481
487
482
482
483
483
483
480
481
479
476
476
478
477
477
483
478
474
477
475
471
469
470
463
458
458
458
453
453
456
454
453
454
459
459
454
455
459
459
455
453
457
453
449
450
452
449
446
446
450
450
449
449
451
450
449
446
449
446
443
441
441
442
440
439
439
445
448
451
452
455
459
458
457
459
459
461
462
463
466
470
470
469
473
476
476
476
475
469
466
462
457
456
453
454
452
454
455
453
450
450
452
452
451
451
454
455
453
448
447
450
450
447
446
447
448
447
443
441
441
443
443
441
443
444
448
448
448
446
449
449
447
447
448
450
445
442
441
443
442
441
443
446
447
448
446
448
448
444
442
444
443
442
439
441
441
446
439
438
439
444
463
496
549
834
767
747
760
657
584
563
547
545
533
530
526
521
512
511
507
496
499
496
491
489
485
485
487
487
487
478
472
487
508
564
688
645
635
650
627
644
618
614
626
668
682
673
672
651
627
610
607
602
608
605
590
586
591
585
584
594
582
572
569
554
557
556
537
529
538
529
523
524
522
519
521
517
513
510
513
509
504
506
504
503
502
511
519
509
517
507
510
519
510
502
505
500
498
495
499
494
486
482
487
494
492
495
494
497
502
499
497
500
498
498
495
494
494
490
488
489
490
487
486
487
489
490
488
489
491
494
496
496
498
501
503
503
510
512
504
503
501
495
489
496
491
490
485
484
490
484
478
482
482
478
475
479
477
474
477
271
676
473
468
470
469
462
458
460
453
449
449
452
444
446
453
450
454
454
462
464
465
465
470
471
468
463
475
473
472
481
486
485
495
499
498
501
503
499
493
497
493
482
479
477
474
471
469
471
469
470
471
479
479
490
489
503
512
522
540
540
537
545
546
537
544
543
539
538
544
538
531
532
540
535
517
521
524
521
520
522
527
551
604
622
631
608
606
591
583
564
566
559
564
544
550
551
542
524
527
511
517
521
518
514
512
517
516
511
510
500
494
492
489
488
479
499
490
485
495
491
491
497
503
498
492
487
497
497
486
480
487
487
480
482
478
469
476
479
476
470
477
477
469
461
468
465
466
458
455
455
452
450
454
453
453
471
461
450
456
461
455
452
460
458
455
447
451
926
452
462
464
460
449
454
456
450
443
448
437
449
453
456
438
450
451
446
440
447
451
447
438
434
446
445
446
441
433
438
441
435
438
440
437
441
438
434
434
433
437
433
428
439
439
433
437
444
439
444
440
441
437
436
443
443
438
440
444
443
437
442
443
438
438
438
435
426
435
439
431
438
423
430
434
434
432
434
441
438
435
438
443
439
436
437
441
436
432
432
434
431
428
425
427
429
424
420
421
424
420
418
416
419
419
417
414
417
420
417
414
415
418
416
415
416
419
418
418
419
424
422
419
419
418
416
420
425
425
427
428
428
427
436
432
427
431
433
431
426
431
432
431
427
435
436
431
436
445
446
447
456
458
461
461
462
461
455
453
452
449
441
438
442
442
441
444
454
472
480
479
482
486
488
481
479
481
479
471
467
471
470
464
464
465
475
475
471
481
486
485
488
491
494
494
486
486
483
477
470
465
461
456
458
452
448
445
439
439
439
434
432
432
432
438
456
461
473
479
484
492
485
481
479
472
477
479
476
472
472
477
472
467
473
473
469
470
474
473
466
471
474
475
474
481
484
481
479
486
480
470
479
471
472
480
485
493
513
519
513
518
519
510
505
506
496
483
479
482
476
474
466
476
478
475
478
480
489
489
505
502
497
498
497
486
485
486
482
479
486
483
478
480
484
480
474
483
479
478
484
491
488
493
502
504
504
511
507
503
505
503
493
493
494
487
482
484
487
488
484
487
495
492
489
494
496
491
484
490
493
493
491
494
492
485
486
489
488
484
483
481
481
477
472
474
472
464
464
466
460
456
459
458
455
455
464
459
458
462
465
464
461
463
466
465
459
457
459
465
464
459
458
457
458
456
456
455
456
456
451
452
451
450
448
448
451
453
457
464
472
479
481
483
483
483
478
479
474
467
465
463
459
453
453
452
451
445
447
447
446
445
448
447
448
445
445
448
449
449
447
450
452
455
455
457
457
457
455
454
454
452
448
448
452
450
449
448
452
451
452
453
455
458
459
459
461
463
465
465
467
471
472
472
476
478
474
477
475
470
469
469
466
456
396
510
465
464
473
489
503
508
509
514
509
507
509
503
498
498
497
490
484
482
483
477
474
472
472
477
476
474
475
478
486
490
491
496
499
510
527
531
525
523
521
515
507
500
492
488
485
483
483
485
488
492
495
495
493
490
485
481
474
471
467
464
462
459
459
462
465
477
487
508
528
535
533
546
536
532
528
521
505
505
496
496
497
500
509
526
529
527
523
522
520
522
516
509
509
508
505
504
504
507
506
508
512
517
525
531
544
561
570
569
574
569
567
570
570
568
574
577
590
596
584
581
574
568
562
555
549
537
531
531
524
528
533
544
548
545
539
532
522
517
512
512
515
521
549
555
564
570
569
563
563
569
567
572
573
566
558
550
550
537
526
527
526
530
530
540
543
546
552
600
637
662
716
709
677
662
629
612
596
570
561
556
553
560
586
585
585
587
610
598
603
600
596
596
577
580
569
560
540
544
551
561
581
597
595
593
593
583
594
590
582
592
587
585
583
575
566
556
549
535
529
526
521
550
599
774
731
819
758
762
788
771
739
752
683
647
634
612
591
599
586
573
577
570
569
558
565
566
569
569
568
580
577
562
571
568
563
542
558
555
565
580
580
575
585
625
657
646
652
643
636
611
621
632
654
690
719
704
699
745
758
771
794
750
719
753
818
809
848
835
835
873
871
875
850
812
805
806
814
833
864
861
866
799
666
824
754
688
672
716
712
721
705
797
802
784
730
795
807
782
742
813
805
757
734
780
780
745
771
800
787
734
792
825
828
762
769
809
788
747
753
809
796
796
735
785
752
727
718
690
627
625
596
582
566
559
554
551
546
539
539
537
536
538
538
543
545
545
552
554
554
557
557
555
557
557
557
561
561
558
558
562
562
554
556
558
556
555
565
563
547
555
558
563
590
650
696
688
654
622
594
580
573
572
566
558
553
544
536
534
533
527
523
524
521
520
520
519
519
520
523
527
533
543
551
556
561
561
562
560
556
546
537
527
534
546
588
652
756
720
707
717
703
674
662
648
646
627
605
590
565
564
550
541
533
528
527
528
529
530
532
534
533
538
541
548
552
556
556
560
561
561
560
559
556
555
553
552
551
548
545
546
550
561
574
584
610
621
623
639
616
601
604
594
586
572
576
573
576
595
622
628
621
608
622
621
612
600
592
571
559
548
542
539
533
530
530
532
539
551
556
564
577
596
586
598
601
595
595
597
589
585
585
586
593
599
619
617
617
625
641
644
630
621
609
597
588
580
575
573
579
605
621
640
671
686
681
663
651
624
604
589
580
574
569
566
567
582
598
609
623
633
633
626
618
604
596
593
588
582
575
575
575
573
574
577
579
593
618
622
631
634
634
618
609
597
585
576
569
569
572
579
594
616
621
628
632
629
626
614
608
602
593
589
584
579
577
582
594
592
593
607
612
615
613
613
602
597
591
582
576
578
578
594
603
615
631
633
638
635
622
616
605
601
590
586
575
569
561
560
560
560
563
566
585
578
590
608
634
642
646
655
649
632
620
609
604
599
597
602
610
618
632
654
657
670
665
650
628
611
603
590
582
576
577
581
579
598
613
625
642
660
652
654
642
625
613
603
595
588
587
588
599
609
622
647
659
661
658
659
653
631
621
605
596
590
587
586
592
595
600
614
623
635
641
641
634
625
607
596
580
572
571
572
583
600
605
614
623
622
622
621
633
616
615
606
596
592
585
582
581
582
585
593
597
605
615
611
609
609
604
597
587
578
571
564
563
566
574
581
582
587
596
590
604
600
597
594
590
585
579
575
574
571
555
552
550
552
546
553
555
559
564
566
569
572
572
567
560
549
542
530
522
520
517
523
544
583
629
688
692
686
675
669
646
626
613
600
589
576
568
563
559
558
564
584
597
605
610
607
601
598
589
582
577
576
579
578
580
582
586
582
581
584
591
589
586
591
589
588
583
583
580
578
577
573
575
577
586
589
595
601
596
589
585
577
566
561
557
558
574
581
600
615
629
626
615
605
595
588
580
572
568
569
574
594
602
603
612
609
602
595
587
585
578
576
572
574
575
582
584
584
580
578
573
567
560
555
553
557
578
603
618
616
607
601
595
585
581
572
564
560
559
561
564
569
572
585
596
594
596
591
582
575
569
564
563
565
571
577
573
581
581
583
575
574
568
563
557
558
559
568
574
581
581
589
593
594
589
588
581
577
571
568
564
563
563
563
564
568
576
584
588
584
578
576
574
575
568
563
559
556
552
550
549
552
549
549
553
559
566
567
566
572
580
578
576
575
575
571
567
564
568
573
574
577
579
580
574
573
567
563
561
557
560
561
563
563
569
578
583
593
596
601
590
583
575
567
557
552
553
554
557
557
566
582
598
599
599
602
595
587
578
568
561
556
552
551
554
562
565
581
601
634
640
638
638
627
605
595
584
574
564
557
552
555
561
578
599
610
637
659
655
646
649
644
620
608
599
588
581
578
582
583
595
597
609
625
641
659
680
690
671
660
636
615
603
593
585
579
572
571
571
584
591
604
614
626
622
618
616
605
603
595
589
585
587
592
597
602
606
607
606
602
595
591
587
585
582
579
582
582
580
570
564
563
563
562
561
563
560
560
559
558
564
572
581
584
604
614
633
634
643
630
623
619
612
599
593
589
583
578
574
576
595
619
631
646
663
662
652
638
622
612
616
618
629
627
630
626
624
628
628
630
628
636
630
622
617
609
604
599
598
598
604
614
619
626
639
650
638
635
620
604
591
579
573
569
565
566
567
571
573
571
568
565
573
577
583
597
597
602